428254,	74.38161635398865,	4.0,	40.0,	75.0126582278481,	460
882511,	88.85315489768982,	20.599999999999994,	260.0,	95.49367088607595,	560
1356348,	103.41512775421143,	24.539999999999992,	80.0,	105.62025316455696,	600
1833534,	118.52331757545471,	29.08599999999999,	80.0,	109.41772151898734,	480
2338647,	134.88497805595398,	39.17739999999998,	220.0,	132.68354430379748,	520
2853496,	150.7116401195526,	50.25965999999998,	280.0,	132.50632911392404,	660
3384055,	166.54332327842712,	63.233694,	260.0,	139.77215189873417,	520
3918872,	183.1743621826172,	84.9103246,	380.0,	150.58227848101265,	520
4464309,	198.6533887386322,	88.41929214,	120.0,	158.32911392405063,	520
5024707,	214.87317514419556,	89.57736292599999,	100.0,	162.1772151898734,	440
5579267,	231.21943283081055,	96.61962663339999,	220.0,	162.1772151898734,	480
6105228,	247.43785405158997,	106.95766397005998,	200.0,	150.25316455696202,	500
6634464,	263.87976574897766,	114.26189757305399,	180.0,	144.1772151898734,	460
7179423,	281.25021719932556,	120.83570781574858,	200.0,	154.50632911392404,	500
7722291,	300.0744047164917,	113.75213703417373,	80.0,	151.49367088607596,	560
8257140,	317.27941370010376,	115.37692333075636,	200.0,	148.32911392405063,	520
8805742,	334.3653793334961,	113.83923099768072,	180.0,	155.72151898734177,	500
9309371,	352.05834007263184,	129.45530789791263,	280.0,	137.21518987341773,	560
9806954,	368.4910936355591,	140.50977710812137,	260.0,	135.0126582278481,	520
10365741,	386.89951062202454,	154.45879939730924,	400.0,	166.73417721518987,	580
10936699,	404.40647435188293,	149.0129194575783,	140.0,	176.65822784810126,	540
11503451,	422.05558609962463,	157.11162751182047,	280.0,	170.37974683544303,	520
12085811,	440.164514541626,	157.4004647606384,	260.0,	183.51898734177215,	640
12654877,	457.0812427997589,	161.66041828457458,	200.0,	172.45569620253164,	620
13231615,	475.7054386138916,	153.49437645611712,	80.0,	176.43037974683546,	660
13809162,	494.3992431163788,	164.1449388105054,	260.0,	181.79746835443038,	640
14407749,	513.4228134155273,	171.73044492945485,	240.0,	187.9493670886076,	620
14995415,	531.8273394107819,	172.55740043650937,	260.0,	187.0379746835443,	620
15591586,	550.5906891822815,	174.30166039285842,	260.0,	190.70886075949366,	580
16189045,	568.1645157337189,	188.8714943535726,	320.0,	193.44303797468353,	560
16790797,	587.6014995574951,	184.98434491821533,	200.0,	197.8227848101266,	600
17408854,	606.9909501075745,	187.4859104263938,	320.0,	209.44303797468353,	600
18071781,	625.3559997081757,	202.7373193837544,	340.0,	235.54430379746836,	600
18745465,	645.6013219356537,	204.46358744537895,	220.0,	238.25316455696202,	700
19403267,	666.0407567024231,	217.01722870084103,	360.0,	229.8987341772152,	660
20064528,	683.8274297714233,	215.31550583075693,	300.0,	233.67088607594937,	600
20734135,	703.4517011642456,	217.78395524768123,	240.0,	233.21518987341773,	700
21445543,	723.1357305049896,	212.00555972291312,	180.0,	257.2911392405063,	640
22150564,	742.2230377197266,	216.8050037506218,	260.0,	256.9620253164557,	720
22831271,	762.6751770973206,	224.12450337555964,	380.0,	243.13924050632912,	640
23476616,	781.1370005607605,	217.7120530380037,	240.0,	219.59493670886076,	620
24101995,	802.4698250293732,	210.94084773420332,	220.0,	210.78481012658227,	640
24737685,	822.1541550159454,	197.846762960783,	80.0,	214.0253164556962,	580
25392348,	841.0764148235321,	192.0620866647047,	140.0,	223.13924050632912,	620
26062489,	861.2480800151825,	190.85587799823423,	200.0,	236.43037974683546,	600
26768441,	882.9572727680206,	195.7702901984108,	240.0,	249.9746835443038,	720
27468065,	903.4755320549011,	202.1932611785697,	260.0,	251.0126582278481,	660
28174662,	926.2311282157898,	206.97393506071273,	300.0,	251.74683544303798,	820
28891201,	947.3838317394257,	204.27654155464145,	280.0,	254.20253164556962,	680
29599131,	967.2326416969299,	205.8488873991773,	220.0,	253.72151898734177,	580
30302407,	988.0211384296417,	203.26399865925958,	240.0,	250.70886075949366,	700
31051662,	1008.2698502540588,	203.93759879333362,	280.0,	276.9367088607595,	640
31819471,	1030.9833362102509,	219.54383891400025,	400.0,	283.82278481012656,	680
32600584,	1051.7390909194946,	222.58945502260022,	300.0,	293.49367088607596,	680
33342138,	1073.40633559227,	230.3305095203402,	440.0,	275.2911392405063,	760
34092481,	1094.3492443561554,	248.29745856830618,	440.0,	277.0632911392405,	680
34834056,	1115.0476613044739,	263.46771271147554,	460.0,	271.56962025316454,	700
35596527,	1135.9694590568542,	264.120941440328,	340.0,	283.2151898734177,	680
36360048,	1157.0978245735168,	267.70884729629523,	300.0,	282.8607594936709,	780
37121112,	1179.1220757961273,	273.9379625666657,	380.0,	283.2151898734177,	640
37865802,	1199.7949607372284,	290.5441663099991,	460.0,	278.65822784810126,	700
38614576,	1220.8946385383606,	304.4897496789992,	480.0,	280.73417721518985,	680
39387440,	1242.3079421520233,	304.0407747110993,	360.0,	288.2025316455696,	800
40183393,	1263.0013518333435,	298.63669723998936,	320.0,	301.44303797468353,	780
40989374,	1284.2820510864258,	300.7730275159904,	320.0,	303.8481012658228,	700
41819761,	1306.9125628471375,	295.69572476439134,	280.0,	317.3164556962025,	720
42663987,	1328.418223619461,	293.1261522879522,	300.0,	323.54430379746833,	740
43526797,	1350.7994906902313,	281.813537059157,	180.0,	329.0379746835443,	740
44355231,	1372.6170675754547,	286.6321833532413,	380.0,	313.1392405063291,	740
45207605,	1395.1136717796326,	307.9689650179172,	540.0,	323.9746835443038,	700
46075940,	1418.6362764835358,	303.1720685161255,	260.0,	329.11392405063293,	760
46911320,	1441.800796031952,	326.8548616645129,	540.0,	315.0886075949367,	740
47731453,	1464.9858393669128,	324.1693754980616,	500.0,	308.65822784810126,	700
48572340,	1487.8028173446655,	328.7524379482554,	480.0,	316.0,	700
49406581,	1510.1439852714539,	331.87719415342985,	360.0,	316.32911392405066,	800
50213593,	1531.9305560588837,	340.68947473808686,	440.0,	304.2025316455696,	740
51028820,	1552.6274287700653,	329.62052726427817,	260.0,	303.5189873417722,	680
51841643,	1574.330350637436,	324.65847453785034,	300.0,	306.73417721518985,	780
52603378,	1596.1510663032532,	315.1926270840653,	240.0,	281.49367088607596,	820
53356223,	1618.6845908164978,	315.67336437565876,	380.0,	275.82278481012656,	720
54139976,	1640.7831492424011,	295.1060279380929,	120.0,	291.746835443038,	660
54947612,	1663.089210510254,	285.5954251442836,	300.0,	302.75949367088606,	720
55767997,	1684.3292436599731,	282.0358826298552,	280.0,	308.43037974683546,	660
56597263,	1707.5714173316956,	280.8322943668697,	280.0,	310.88607594936707,	760
57422327,	1729.1904559135437,	282.7490649301827,	300.0,	309.44303797468353,	760
58279363,	1751.3958039283752,	284.4741584371645,	300.0,	321.9746835443038,	780
59144886,	1773.4833478927612,	288.02674259344803,	360.0,	328.3544303797468,	700
60007220,	1797.0028846263885,	282.2240683341032,	300.0,	329.2911392405063,	760
60917959,	1820.197346687317,	292.0016615006929,	520.0,	350.30379746835445,	760
61833369,	1842.860802412033,	304.80149535062355,	420.0,	351.62025316455697,	740
62723246,	1864.3479583263397,	310.3213458155612,	420.0,	340.9113924050633,	720
63601775,	1886.4451551437378,	301.28921123400505,	340.0,	334.73417721518985,	700
64466715,	1909.294682264328,	292.16029011060454,	240.0,	326.2025316455696,	680
65326205,	1932.173595905304,	286.94426109954406,	260.0,	322.9620253164557,	800
66150850,	1954.8512494564056,	293.24983498958966,	520.0,	307.82278481012656,	720
66977851,	1977.2962472438812,	280.9248514906307,	180.0,	310.30379746835445,	720
67792608,	2000.4917817115784,	277.83236634156765,	300.0,	300.30379746835445,	700
68580351,	2022.9232904911041,	280.0491297074109,	300.0,	286.1518987341772,	700
69388458,	2046.315335035324,	302.0442167366698,	500.0,	297.34177215189874,	700
70176893,	2068.2780232429504,	293.83979506300284,	260.0,	284.253164556962,	620
70978879,	2091.0458121299744,	284.45581555670253,	200.0,	295.1392405063291,	840
71793950,	2116.022182226181,	285.0102340010323,	420.0,	302.126582278481,	740
72600325,	2138.9478328227997,	278.50921060092907,	220.0,	294.53164556962025,	720
73440340,	2162.7641224861145,	282.65828954083617,	360.0,	311.9493670886076,	760
74266535,	2186.2886066436768,	279.3924605867526,	320.0,	303.72151898734177,	700
75095828,	2210.02041387558,	286.4532145280773,	380.0,	301.59493670886076,	720
75915400,	2233.780436038971,	301.8078930752696,	500.0,	301.46835443037975,	720
76754888,	2256.567716360092,	305.62710376774265,	360.0,	311.1392405063291,	780
77600156,	2280.4965727329254,	298.0643933909684,	320.0,	312.0,	780
78433053,	2302.505802631378,	308.2579540518716,	520.0,	306.43037974683546,	740
79285983,	2325.138324022293,	309.43215864668446,	460.0,	318.63291139240505,	720
80168726,	2349.3378627300262,	324.488942782016,	500.0,	332.9620253164557,	880
81011985,	2372.632118701935,	331.04004850381443,	420.0,	313.26582278481015,	820
81846307,	2399.403785943985,	323.936043653433,	260.0,	309.56962025316454,	780
82618592,	2423.0585112571716,	325.54243928808967,	460.0,	266.30379746835445,	840
83346716,	2445.0834407806396,	293.9881953592807,	20.0,	244.9620253164557,	760
84073462,	2466.3267521858215,	267.58937582335267,	40.0,	242.45569620253164,	720
84797641,	2489.612357378006,	241.83043824101742,	20.0,	242.9873417721519,	920
85539594,	2514.3787231445312,	222.6473944169157,	60.0,	252.65822784810126,	740
86288284,	2538.2460656166077,	201.3826549752241,	20.0,	252.35443037974684,	740
86991699,	2559.6309807300568,	185.2443894777017,	40.0,	239.13924050632912,	700
87689244,	2581.830364227295,	171.71995052993154,	60.0,	232.83544303797467,	800
88390398,	2603.8830008506775,	162.5479554769384,	80.0,	233.84810126582278,	740
89117776,	2626.863574028015,	152.29315992924455,	60.0,	245.18987341772151,	760
89842541,	2649.4251806735992,	145.0638439363201,	80.0,	243.84810126582278,	820
90605669,	2674.459265947342,	149.5574595426881,	220.0,	258.88607594936707,	740
91384396,	2698.0628583431244,	140.60171358841927,	60.0,	270.1518987341772,	760
92164617,	2722.9171118736267,	136.54154222957735,	100.0,	269.36708860759495,	720
92959386,	2747.0389561653137,	141.8873880066196,	300.0,	274.253164556962,	760
93722920,	2771.44300866127,	141.69864920595765,	160.0,	266.73417721518985,	760
94512399,	2795.5877549648285,	142.5287842853619,	200.0,	279.24050632911394,	760
95309685,	2819.289255619049,	139.27590585682572,	140.0,	283.7974683544304,	780
96114128,	2843.8096487522125,	140.34831527114315,	180.0,	286.0759493670886,	780
96913630,	2866.9384610652924,	137.31348374402884,	140.0,	285.6455696202532,	780
97688038,	2891.5397799015045,	135.58213536962597,	140.0,	272.9873417721519,	740
98466534,	2914.689866065979,	133.02392183266338,	120.0,	275.7721518987342,	800
99263417,	2939.265993833542,	131.72152964939704,	120.0,	288.1012658227848,	800
100082931,	2964.353314638138,	132.54937668445734,	180.0,	299.49367088607596,	740
100907625,	2988.810509443283,	129.2944390160116,	100.0,	303.6455696202532,	780
101731009,	3013.4892597198486,	139.36499511441045,	280.0,	299.67088607594934,	740
102549907,	3038.0827827453613,	141.4284956029694,	160.0,	300.37974683544303,	760
103401376,	3061.7299976348877,	147.28564604267245,	240.0,	316.65822784810126,	760
104222077,	3085.7854449748993,	148.55708143840522,	160.0,	301.39240506329116,	720
105035264,	3110.3194584846497,	145.7013732945647,	140.0,	295.24050632911394,	760
105846221,	3135.1538891792297,	158.1312359651082,	340.0,	291.0886075949367,	740
106635316,	3157.9246842861176,	160.31811236859738,	180.0,	285.873417721519,	740
107448288,	3182.4226820468903,	180.28630113173764,	480.0,	298.32911392405066,	760
108252549,	3205.760316133499,	190.25767101856388,	280.0,	296.9113924050633,	780
109056182,	3229.8559296131134,	215.2319039167075,	440.0,	295.746835443038,	720
109853751,	3253.9347643852234,	215.70871352503676,	240.0,	291.3164556962025,	740
110652299,	3278.4187047481537,	226.13784217253308,	360.0,	290.8607594936709,	780
111488779,	3304.1744935512543,	233.52405795527977,	300.0,	310.63291139240505,	740
112333556,	3329.0942273139954,	230.1716521597518,	260.0,	310.55696202531647,	780
113158938,	3353.457681655884,	233.15448694377662,	260.0,	301.7974683544304,	760
114012341,	3377.243243932724,	228.83903824939895,	200.0,	316.9113924050633,	780
114833074,	3402.061966896057,	223.95513442445906,	220.0,	302.60759493670884,	760
115670380,	3425.876631498337,	213.55962098201314,	160.0,	312.0759493670886,	800
116495055,	3448.888428926468,	223.20365888381184,	400.0,	306.65822784810126,	760
117334179,	3471.970248937607,	227.88329299543065,	340.0,	314.253164556962,	760
118170726,	3495.138160943985,	239.0949636958876,	340.0,	313.7721518987342,	780
119026337,	3518.2727704048157,	236.18546732629883,	220.0,	319.82278481012656,	860
119858014,	3542.608055114746,	237.56692059366895,	300.0,	310.253164556962,	740
120675539,	3563.9235854148865,	238.81022853430207,	320.0,	300.63291139240505,	760
121521616,	3589.6082038879395,	238.92920568087186,	240.0,	310.9873417721519,	760
122375371,	3614.0911424160004,	267.03628511278464,	600.0,	314.8607594936709,	800
123225068,	3637.4777648448944,	261.3326566015062,	260.0,	316.17721518987344,	820
124083302,	3662.093902826309,	253.19939094135557,	180.0,	318.1518987341772,	740
124927777,	3686.5617246627808,	241.87945184722003,	160.0,	312.7848101265823,	800
125762297,	3712.4100720882416,	245.69150666249803,	360.0,	308.0759493670886,	760
126588659,	3737.0296156406403,	245.12235599624822,	360.0,	306.55696202531647,	760
127433770,	3761.433669090271,	261.6101203966234,	480.0,	313.54430379746833,	860
128305448,	3786.860423564911,	247.44910835696106,	120.0,	327.69620253164555,	760
129198600,	3812.574422597885,	246.70419752126494,	240.0,	335.67088607594934,	800
130128627,	3837.3752675056458,	244.03377776913845,	240.0,	349.8481012658228,	740
131092429,	3862.935721874237,	265.6303999922246,	560.0,	367.4177215189873,	780
132037627,	3887.9069797992706,	271.0673599930022,	320.0,	360.40506329113924,	880
132955702,	3914.6018993854523,	260.960623993702,	240.0,	353.0886075949367,	920
133906488,	3940.5018334388733,	252.86456159433178,	200.0,	368.9367088607595,	800
134849713,	3966.469315290451,	255.5781054348986,	280.0,	363.0126582278481,	800
135760296,	3992.533893585205,	269.02029489140875,	580.0,	347.1392405063291,	820
136676670,	4016.991947412491,	278.11826540226787,	360.0,	352.0759493670886,	840
137609587,	4042.6856305599213,	293.3064388620411,	440.0,	356.63291139240505,	760
138563268,	4068.5938713550568,	293.975794975837,	300.0,	367.54430379746833,	760
139484777,	4093.8906779289246,	294.5782154782533,	300.0,	351.26582278481015,	920
140383366,	4120.369147539139,	289.12039393042795,	320.0,	343.7721518987342,	920
141281662,	4145.272662639618,	294.20835453738516,	420.0,	340.2278481012658,	780
142195704,	4170.399988889694,	303.78751908364666,	400.0,	353.46835443037975,	880
143107495,	4195.992218732834,	293.408767175282,	200.0,	348.75949367088606,	820
144031478,	4220.314871788025,	296.0678904577538,	400.0,	355.0886075949367,	800
144985589,	4245.2671620845795,	283.4611014119784,	200.0,	368.1518987341772,	780
145930115,	4270.387441158295,	299.1149912707806,	460.0,	363.62025316455697,	820
146877767,	4295.859786748886,	307.20349214370253,	380.0,	366.9367088607595,	800
147799039,	4320.109115600586,	309.4831429293323,	380.0,	352.8354430379747,	760
148782562,	4346.716102600098,	354.5348286363991,	760.0,	383.49367088607596,	800
149755548,	4371.632687568665,	355.08134577275916,	380.0,	378.75949367088606,	780
150744829,	4397.424679756165,	342.5732111954833,	320.0,	387.72151898734177,	840
151743763,	4425.067139863968,	323.31589007593493,	160.0,	394.40506329113924,	820
152785487,	4452.634802818298,	332.98430106834144,	420.0,	411.34177215189874,	820
153840792,	4480.1168785095215,	317.6858709615073,	180.0,	420.0,	840
154854324,	4507.567805528641,	328.9172838653566,	480.0,	397.9746835443038,	800
155857113,	4534.766849040985,	343.02555547882093,	720.0,	395.69620253164555,	800
156889762,	4562.437638044357,	333.72299993093884,	320.0,	408.0506329113924,	800
157941391,	4590.018256187439,	356.350699937845,	560.0,	420.88607594936707,	840
158970734,	4617.553475141525,	352.7156299440605,	320.0,	411.0126582278481,	800
160029746,	4644.340263366699,	327.4440669496544,	100.0,	420.73417721518985,	820
161068961,	4671.3924152851105,	352.699660254689,	680.0,	412.9873417721519,	820
162139889,	4699.167441368103,	364.4296942292201,	540.0,	429.1898734177215,	820
163179123,	4726.829460859299,	362.98672480629807,	440.0,	413.1392405063291,	820
164245756,	4753.990083694458,	352.68805232566825,	280.0,	424.1012658227848,	780
165305925,	4780.699868917465,	352.41924709310143,	480.0,	422.3544303797468,	820
166380634,	4807.807870149612,	342.1773223837913,	300.0,	429.9746835443038,	840
167325383,	4834.452707052231,	313.9595901454122,	120.0,	359.46835443037975,	820
168270357,	4860.781567573547,	286.56363113087104,	60.0,	360.9620253164557,	820
169221498,	4887.460931301117,	275.90726801778396,	200.0,	365.1898734177215,	860
170156275,	4914.548041343689,	258.3165412160056,	100.0,	359.9493670886076,	820
171087864,	4942.204087972641,	245.48488709440505,	180.0,	359.24050632911394,	840
172045770,	4968.07214474678,	239.93639838496455,	240.0,	370.253164556962,	800
173009722,	4994.389677286148,	233.9427585464681,	180.0,	375.11392405063293,	800
173969059,	5019.9881954193115,	229.54848269182128,	220.0,	368.63291139240505,	820
174955544,	5046.017605066299,	228.59363442263916,	320.0,	384.1012658227848,	820
175904602,	5072.065774440765,	234.73427098037524,	400.0,	366.1012658227848,	840
176852529,	5097.685342550278,	239.26084388233772,	280.0,	367.69620253164555,	820
177819174,	5124.874804019928,	229.33475949410393,	180.0,	372.7848101265823,	840
178787965,	5150.6880605220795,	226.40128354469354,	240.0,	375.2151898734177,	820
179729779,	5176.712918758392,	226.7611551902242,	300.0,	361.2151898734177,	800
180671287,	5202.079193353653,	230.08503967120177,	320.0,	362.32911392405066,	820
181619372,	5230.1092665195465,	225.0765357040816,	220.0,	365.54430379746833,	860
182574206,	5255.4095549583435,	222.56888213367344,	240.0,	367.5189873417722,	820
183547689,	5280.132956504822,	220.3119939203061,	200.0,	375.62025316455697,	780
184546321,	5306.137040376663,	224.2807945282755,	360.0,	388.0759493670886,	800
185525999,	5333.2524881362915,	228.85271507544795,	340.0,	380.30379746835445,	780
186501819,	5358.686529159546,	231.96744356790316,	300.0,	375.2911392405063,	860
187478197,	5384.772800207138,	230.77069921111286,	280.0,	375.24050632911394,	820
188439519,	5409.997431278229,	229.69362929000158,	220.0,	371.4177215189873,	840
189417949,	5436.47993016243,	227.7242663610014,	220.0,	375.0632911392405,	820
190397702,	5462.318392276764,	242.95183972490128,	380.0,	374.7088607594937,	780
191367711,	5488.260813474655,	251.65665575241115,	360.0,	372.8607594936709,	820
192385942,	5514.663679361343,	270.49099017717003,	440.0,	395.2911392405063,	840
193404917,	5541.450143814087,	263.441891159453,	220.0,	398.2025316455696,	800
194429279,	5568.184184074402,	266.0977020435077,	380.0,	400.73417721518985,	860
195438491,	5594.329707860947,	267.48793183915694,	280.0,	391.0126582278481,	800
196448668,	5620.704095840454,	271.7391386552413,	400.0,	390.6835443037975,	840
197465559,	5646.009208440781,	268.56522478971715,	240.0,	394.50632911392404,	820
198447456,	5671.626368522644,	259.7087023107454,	180.0,	380.32911392405066,	800
199445411,	5698.6364896297455,	257.73783207967085,	240.0,	387.1898734177215,	800
200466407,	5725.468391180038,	263.96404887170377,	320.0,	396.7848101265823,	800
201496211,	5751.4675142765045,	278.5676439845334,	520.0,	398.63291139240505,	800
202534970,	5777.818464517593,	285.71087958608007,	380.0,	403.1645569620253,	820
203530453,	5804.5442361831665,	286.13979162747205,	300.0,	386.126582278481,	800
204516447,	5831.994706630707,	280.5258124647248,	280.0,	382.63291139240505,	820
205497417,	5859.072987318039,	289.47323121825235,	400.0,	380.43037974683546,	840
206496349,	5886.344497203827,	288.5259080964271,	280.0,	390.27848101265823,	820
207495403,	5913.218447446823,	298.67331728678437,	420.0,	390.253164556962,	840
208484914,	5940.007360935211,	293.80598555810593,	260.0,	383.62025316455697,	820
209529929,	5967.816659927368,	288.42538700229534,	240.0,	408.9873417721519,	820
210521697,	5994.005376815796,	291.5828483020658,	320.0,	387.49367088607596,	820
211546053,	6020.958881378174,	294.42456347185924,	360.0,	399.7974683544304,	820
212626891,	6049.406756401062,	282.98210712467335,	220.0,	427.0379746835443,	820
213706588,	6077.446674585342,	291.683896412206,	460.0,	425.0886075949367,	800
214748019,	6104.760994672775,	300.51550677098544,	440.0,	407.2151898734177,	840
215810660,	6132.3948521614075,	297.4639560938869,	280.0,	418.1012658227848,	820
216859739,	6159.25062251091,	319.7175604844982,	560.0,	411.3164556962025,	860
217915421,	6187.19507932663,	316.7458044360484,	300.0,	414.8354430379747,	820
218967858,	6214.13174700737,	307.07122399244355,	340.0,	414.37974683544303,	840
220013122,	6241.390360832214,	313.36410159319917,	560.0,	411.7974683544304,	820
221052989,	6268.501256465912,	334.0276914338792,	520.0,	410.4810126582278,	840
222060955,	6294.40748500824,	332.6249222904913,	360.0,	399.56962025316454,	820
223078957,	6321.435060977936,	329.3624300614422,	300.0,	401.62025316455697,	840
224103205,	6347.935378074646,	324.426187055298,	440.0,	402.0253164556962,	820
225155163,	6374.870737791061,	321.9835683497682,	400.0,	418.9113924050633,	900
226173038,	6402.324412822723,	325.78521151479134,	400.0,	400.53164556962025,	820
227194104,	6429.220205783844,	324.2066903633122,	340.0,	400.30379746835445,	820
228184820,	6456.597687005997,	326.786021326981,	480.0,	388.0506329113924,	820
229229924,	6483.64081287384,	334.1074191942829,	520.0,	411.7721518987342,	840
230281668,	6510.912710905075,	348.6966772748546,	540.0,	412.27848101265823,	800
231378507,	6538.655696392059,	349.82700954736913,	360.0,	433.46835443037975,	820
232451736,	6566.618903160095,	350.8443085926322,	420.0,	423.56962025316454,	860
233526003,	6594.061679124832,	349.75987773336897,	380.0,	422.65822784810126,	820
234593805,	6621.278761386871,	353.78388996003207,	480.0,	419.2151898734177,	820
235688262,	6648.986514568329,	350.4055009640289,	460.0,	426.88607594936707,	820
236765325,	6676.197376012802,	348.36495086762596,	360.0,	423.11392405063293,	820
237811762,	6703.612824201584,	343.5284557808634,	420.0,	406.7088607594937,	800
238906925,	6730.910812616348,	345.1756102027771,	440.0,	430.2278481012658,	800
239974872,	6758.719613075256,	354.6580491824994,	460.0,	414.9367088607595,	840
241035892,	6786.091902017593,	352.19224426424944,	460.0,	417.1645569620253,	800
242063628,	6813.605731487274,	345.9730198378245,	400.0,	397.873417721519,	800
243112056,	6841.635520219803,	328.375717854042,	200.0,	403.72151898734177,	820
244175140,	6869.295908689499,	315.53814606863784,	240.0,	415.9746835443038,	840
245238204,	6896.717444658279,	320.98433146177405,	460.0,	414.8607594936709,	820
246311076,	6924.751353025436,	330.88589831559665,	420.0,	421.2151898734177,	840
247377264,	6952.372392416,	334.797308484037,	480.0,	414.8354430379747,	820
248460961,	6980.09251666069,	320.31757763563326,	220.0,	423.746835443038,	840
249548297,	7008.4155189991,	344.28581987206996,	600.0,	427.2911392405063,	820
250654251,	7036.841982603073,	339.85723788486297,	360.0,	434.37974683544303,	820
251751333,	7064.231906175613,	353.8715140963767,	480.0,	431.0632911392405,	820
252862246,	7094.059455394745,	362.484362686739,	580.0,	438.43037974683546,	820
253935636,	7121.810295343399,	363.2359264180651,	520.0,	417.67088607594934,	820
255036158,	7149.883049726486,	361.9123337762586,	360.0,	431.11392405063293,	840
256152831,	7177.9328689575195,	383.72110039863276,	600.0,	439.4177215189873,	820
257250065,	7205.694348335266,	380.34899035876947,	520.0,	431.9493670886076,	840
258377222,	7233.429892301559,	392.3140913228925,	520.0,	445.9240506329114,	820
259513497,	7261.755845069885,	398.0826821906033,	520.0,	452.30379746835445,	820
260630189,	7289.955136537552,	392.27441397154297,	340.0,	440.88607594936707,	820
261760509,	7317.690166711807,	399.0469725743887,	460.0,	446.73417721518985,	820
262878001,	7345.371165275574,	393.14227531694985,	340.0,	441.8987341772152,	840
263992132,	7373.4901802539825,	384.82804778525485,	340.0,	439.746835443038,	840
265115906,	7401.4079377651215,	392.34524300672933,	460.0,	443.4177215189873,	840
266230039,	7429.020805835724,	376.11071870605645,	260.0,	436.39240506329116,	1190
267365589,	7457.157750606537,	390.4996468354508,	520.0,	443.34177215189874,	840
268501855,	7485.552882432938,	386.44968215190573,	420.0,	446.63291139240505,	840
269627812,	7513.181099414825,	382.8047139367152,	380.0,	445.34177215189874,	820
270770322,	7541.048268795013,	376.52424254304367,	400.0,	453.67088607594934,	840
271935446,	7568.839438199997,	379.8718182887393,	420.0,	463.24050632911394,	820
273086334,	7596.875071763992,	370.88463645986536,	300.0,	460.9113924050633,	820
274232274,	7624.615855693817,	366.7961728138788,	380.0,	456.6835443037975,	840
275394968,	7652.817493200302,	351.1165555324909,	280.0,	463.49367088607596,	840
276586134,	7680.793553829193,	358.0048999792418,	420.0,	476.40506329113924,	840
277731650,	7708.686625480652,	352.20440998131767,	320.0,	453.1898734177215,	840
278875996,	7736.722847938538,	343.9839689831859,	340.0,	455.0632911392405,	860
280031207,	7764.591757535934,	357.5855720848673,	480.0,	460.0506329113924,	840
281187993,	7792.635351896286,	358.8270148763806,	380.0,	460.2278481012658,	860
282315944,	7819.873463630676,	351.94431338874256,	300.0,	448.7848101265823,	820
283479581,	7847.855982542038,	348.7498820498683,	440.0,	463.2151898734177,	840
284621464,	7875.981553077698,	346.87489384488146,	400.0,	455.0379746835443,	840
285778375,	7903.8470187187195,	361.1874044603933,	540.0,	465.26582278481015,	860
286910153,	7931.510628461838,	369.06866401435394,	440.0,	456.9620253164557,	840
288019031,	7959.96848320961,	359.1617976129186,	300.0,	442.43037974683546,	860
289139703,	7987.97526717186,	365.2456178516267,	440.0,	449.6455696202532,	880
290255690,	8015.776728153229,	348.72105606646403,	200.0,	446.40506329113924,	880
291390413,	8043.635505914688,	347.8489504598176,	340.0,	458.9873417721519,	840
292579165,	8071.437263965607,	364.06405541383583,	600.0,	483.0379746835443,	880
293753138,	8099.91712808609,	372.6576498724522,	460.0,	476.0759493670886,	860
294931269,	8127.668962717056,	377.391884885207,	420.0,	478.9113924050633,	820
296109193,	8155.658886671066,	391.6526963966863,	520.0,	477.873417721519,	880
297294718,	8183.852135181427,	393.48742675701766,	500.0,	481.46835443037975,	860
298471971,	8212.216681480408,	387.1386840813159,	460.0,	475.9493670886076,	880
299643503,	8240.670526742935,	389.4248156731843,	480.0,	468.4810126582278,	860
300835113,	8269.183832406998,	389.48233410586585,	440.0,	479.5189873417722,	880
302033354,	8297.738770961761,	394.5341006952793,	460.0,	486.17721518987344,	860
303223904,	8326.15191078186,	399.08069062575134,	520.0,	481.82278481012656,	900
304428281,	8354.662109136581,	390.1726215631762,	380.0,	487.54430379746833,	880
305629329,	8383.30780506134,	399.15535940685857,	540.0,	485.9746835443038,	880
306827429,	8411.675117015839,	396.2398234661727,	420.0,	486.0,	860
308032069,	8440.4369494915,	389.61584111955545,	340.0,	490.17721518987344,	840
309222402,	8468.438215494156,	384.6542570075999,	420.0,	486.8101265822785,	840
310394757,	8495.895458936691,	373.1888313068399,	340.0,	475.2911392405063,	880
311585707,	8523.935876607895,	391.86994817615596,	600.0,	487.26582278481015,	840
312783047,	8552.693780899048,	392.6829533585404,	460.0,	488.60759493670884,	840
313986083,	8580.6533370018,	411.41465802268635,	680.0,	491.5189873417722,	860
315173287,	8609.152252912521,	414.27319222041774,	440.0,	483.6455696202532,	840
316378338,	8637.26544713974,	400.84587299837597,	360.0,	494.0506329113924,	840
317553693,	8665.911223888397,	401.76128569853836,	560.0,	480.126582278481,	880
318753553,	8694.275738477707,	388.5851571286845,	360.0,	491.62025316455697,	900
319938596,	8722.266542434692,	385.72664141581606,	500.0,	484.4810126582278,	860
321103733,	8749.969784498215,	382.1539772742345,	560.0,	475.0126582278481,	860
322263244,	8778.208564043045,	377.938579546811,	340.0,	473.1392405063291,	860
323406419,	8806.138019800186,	371.14472159212994,	340.0,	464.50632911392404,	880
324550550,	8834.907590389252,	390.03024943291695,	560.0,	465.3164556962025,	860
325700455,	8863.62596487999,	387.02722448962527,	440.0,	466.88607594936707,	860
326876024,	8892.01312661171,	397.32450204066276,	540.0,	477.2151898734177,	860
328089163,	8920.6255235672,	398.5920518365965,	420.0,	492.63291139240505,	860
329313606,	8949.190205574036,	396.73284665293687,	500.0,	497.873417721519,	860
330541140,	8978.607932567596,	391.0595619876432,	340.0,	497.746835443038,	840
331762267,	9007.174799919128,	377.95360578887886,	260.0,	495.8481012658228,	840
332970500,	9035.369391679764,	382.158245209991,	460.0,	490.27848101265823,	840
334183375,	9064.207555770874,	391.9424206889919,	600.0,	493.56962025316454,	860
335358426,	9092.496685743332,	380.7481786200927,	320.0,	477.62025316455697,	860
336542743,	9121.119946241379,	390.6733607580834,	640.0,	480.4810126582278,	840
337733574,	9150.494918107986,	383.60602468227506,	320.0,	484.253164556962,	880
338914692,	9178.98992395401,	392.24542221404755,	480.0,	481.36708860759495,	860
340072339,	9207.809934139252,	376.0208799926428,	300.0,	470.53164556962025,	840
341249957,	9236.87882900238,	381.41879199337853,	480.0,	473.0632911392405,	1040
342437808,	9265.592212438583,	397.27691279404064,	540.0,	480.9620253164557,	860
343620095,	9294.029168844223,	415.54922151463654,	620.0,	478.32911392405066,	840
344805125,	9322.421792507172,	421.9942993631729,	480.0,	477.1392405063291,	840
346018350,	9350.962877750397,	425.7948694268556,	540.0,	491.54430379746833,	860
347201104,	9379.529077529907,	417.21538248417005,	340.0,	477.72151898734177,	860
348416844,	9407.734941244125,	407.49384423575304,	320.0,	501.0886075949367,	860
349662649,	9436.278406620026,	408.74445981217775,	420.0,	507.36708860759495,	840
350891329,	9464.819972753525,	419.87001383096,	520.0,	499.49367088607596,	840
352120476,	9493.355997085571,	425.88301244786396,	480.0,	496.3544303797468,	900
353344479,	9521.204423904419,	422.29471120307755,	460.0,	491.59493670886076,	840
354582024,	9549.469643592834,	425.0652400827698,	480.0,	501.46835443037975,	840
355812486,	9577.667849302292,	422.5587160744928,	420.0,	497.54430379746833,	840
357037246,	9607.138498544693,	436.30284446704354,	560.0,	499.1645569620253,	1080
358258790,	9635.478993415833,	443.6725600203392,	560.0,	496.50632911392404,	840
359491297,	9663.897017240524,	446.30530401830526,	540.0,	499.24050632911394,	860
360703667,	9691.424675226212,	443.67477361647474,	500.0,	489.9493670886076,	820
361913524,	9719.576128721237,	450.3072962548273,	540.0,	488.1518987341772,	820
363122896,	9748.06170630455,	461.27656662934453,	740.0,	490.5822784810127,	860
364328688,	9776.541096448898,	465.1489099664101,	640.0,	490.45569620253167,	840
365557447,	9804.801820278168,	458.6340189697691,	440.0,	501.0126582278481,	860
366781839,	9833.587421894073,	446.7706170727922,	340.0,	498.0506329113924,	840
368023337,	9862.113566160202,	444.093555365513,	420.0,	506.7848101265823,	840
369243637,	9891.56640291214,	461.6841998289617,	620.0,	498.32911392405066,	840
370473967,	9920.130161046982,	453.5157798460655,	460.0,	500.30379746835445,	860
371723015,	9949.474379777908,	456.164201861459,	500.0,	512.2025316455696,	840
372951188,	9977.814821958542,	450.5477816753131,	460.0,	502.45569620253167,	840
374200757,	10006.67678284645,	446.4930035077818,	520.0,	512.253164556962,	860
375446389,	10035.186279296875,	463.8437031570036,	620.0,	508.126582278481,	840
376691499,	10063.494984149933,	457.4593328413032,	420.0,	508.0506329113924,	840
377922762,	10091.914852619171,	465.71339955717286,	620.0,	503.36708860759495,	840
379161407,	10120.30402302742,	469.14205960145557,	540.0,	504.0759493670886,	860
380424643,	10149.235946655273,	465.22785364131,	600.0,	517.3417721518987,	840
381691175,	10177.852274417877,	472.705068277179,	540.0,	518.3037974683544,	840
382927555,	10206.81296658516,	461.4345614494611,	360.0,	504.8607594936709,	860
384199174,	10235.565734148026,	457.291105304515,	500.0,	521.2405063291139,	840
385450560,	10264.221057891846,	472.56199477406346,	640.0,	511.8987341772152,	860
386699756,	10292.779058933258,	470.3057952966571,	460.0,	509.1645569620253,	840
387944879,	10321.554270029068,	483.2752157669914,	600.0,	509.46835443037975,	860
389209096,	10350.66622018814,	490.9476941902922,	560.0,	516.0759493670886,	880
390479618,	10379.46919131279,	481.852924771263,	400.0,	518.6075949367089,	840
391742986,	10408.06922006607,	471.66763229413675,	380.0,	513.0632911392405,	860
393008074,	10436.803231716156,	476.5008690647231,	520.0,	511.3164556962025,	840
394283392,	10465.834344387054,	464.85078215825075,	400.0,	517.7215189873418,	860
395560162,	10495.846881389618,	472.3657039424257,	540.0,	516.4556962025316,	860
396832638,	10524.538343667984,	486.1291335481831,	700.0,	514.4303797468355,	860
398108038,	10553.611534357071,	499.5162201933648,	680.0,	516.632911392405,	880
399345015,	10582.134480714798,	510.56459817402833,	720.0,	495.8481012658228,	860
400586800,	10610.614246606827,	514.5081383566255,	560.0,	497.8987341772152,	860
401822776,	10639.144822835922,	511.057324520963,	620.0,	495.24050632911394,	820
403061068,	10667.477959871292,	501.9515920688667,	560.0,	496.27848101265823,	840
404289369,	10696.014708042145,	511.75643286198004,	620.0,	491.9493670886076,	840
405493682,	10724.977268218994,	518.5807895757821,	580.0,	478.126582278481,	820
406714421,	10753.419394493103,	505.7227106182039,	500.0,	485.1392405063291,	840
407932717,	10781.662837982178,	508.1504395563835,	540.0,	482.7088607594937,	840
409176752,	10809.983499288559,	503.33539560074513,	500.0,	495.1392405063291,	820
410421528,	10838.339336395264,	494.00185604067065,	540.0,	495.1392405063291,	840
411656193,	10866.91389131546,	496.60167043660357,	620.0,	492.9113924050633,	820
412896322,	10895.47302031517,	475.9415033929432,	360.0,	497.4177215189873,	840
414100306,	10924.010388851166,	496.34735305364893,	680.0,	481.2911392405063,	840
415301162,	10952.744015932083,	522.7126177482841,	760.0,	477.36708860759495,	860
416476280,	10981.45337510109,	519.4413559734556,	680.0,	466.9873417721519,	840
417659675,	11009.71193742752,	529.4972203761101,	760.0,	468.9367088607595,	840
418868400,	11038.25073814392,	521.5474983384992,	500.0,	480.253164556962,	820
420058950,	11066.411031961441,	506.39274850464926,	420.0,	469.1898734177215,	840
421272821,	11094.962710142136,	505.75347365418435,	500.0,	484.50632911392404,	840
422478823,	11123.10889339447,	489.17812628876595,	340.0,	485.0886075949367,	840
423698651,	11152.065450668335,	495.26031365988933,	580.0,	493.46835443037975,	840
424937888,	11180.981267690659,	489.7342822939004,	480.0,	504.2025316455696,	860
426187030,	11211.154227733612,	456.76085406451034,	160.0,	508.8354430379747,	840
427485119,	11239.704812049866,	467.0847686580593,	560.0,	532.6582278481013,	860
428753098,	11268.23657655716,	462.37629179225337,	460.0,	518.0253164556962,	840
430013960,	11296.93990278244,	464.13866261302803,	700.0,	514.632911392405,	860
431312718,	11325.82250738144,	479.7247963517252,	700.0,	532.126582278481,	840
432617736,	11354.494581222534,	501.7523167165527,	740.0,	536.3037974683544,	860
433943683,	11383.265907764435,	513.5770850448974,	620.0,	545.9493670886076,	840
435263916,	11412.060906648636,	514.2193765404077,	540.0,	544.126582278481,	840
436565864,	11441.136714458466,	518.7974388863669,	560.0,	535.0632911392405,	840
437865877,	11471.241045475006,	524.9176949977302,	620.0,	531.873417721519,	880
439149722,	11500.930484056473,	540.4259254979572,	680.0,	526.7594936708861,	840
440458744,	11530.21610713005,	537.3833329481615,	700.0,	538.4810126582279,	860
441772825,	11559.011612176895,	553.6449996533454,	720.0,	539.3164556962025,	860
443115115,	11587.759503602982,	568.2804996880109,	800.0,	554.4303797468355,	840
444432070,	11616.356342554092,	555.4524497192098,	540.0,	540.9620253164557,	840
445768948,	11645.109188556671,	564.9072047472888,	680.0,	548.1518987341772,	840
447083786,	11674.295250415802,	563.41648427256,	600.0,	539.4430379746835,	860
448413790,	11703.738936901093,	563.0748358453039,	660.0,	547.2658227848101,	820
449732056,	11732.985805749893,	550.7673522607736,	520.0,	541.1898734177215,	840
451047501,	11761.890223264694,	535.6906170346963,	480.0,	540.8860759493671,	840
452397107,	11791.418631076813,	532.1215553312267,	500.0,	555.0632911392405,	820
453710553,	11820.178970098495,	546.909399798104,	760.0,	538.632911392405,	840
455015270,	11849.817771673203,	550.2184598182936,	620.0,	538.4050632911392,	820
456318185,	11878.950037240982,	550.1966138364642,	680.0,	538.5569620253165,	840
457612952,	11908.192606449127,	547.1769524528178,	580.0,	537.3417721518987,	860
458908910,	11937.721156835556,	540.459257207536,	620.0,	536.4303797468355,	840
460208173,	11967.012016057968,	544.4133314867823,	580.0,	539.493670886076,	840
461495463,	11995.653068780899,	550.9719983381041,	640.0,	534.5822784810126,	860
462788842,	12024.40281200409,	551.8747985042937,	560.0,	540.0253164556962,	860
463916477,	12053.064692735672,	557.6873186538644,	620.0,	451.9746835443038,	840
465027519,	12081.934517383575,	557.9185867884779,	660.0,	442.60759493670884,	860
466137146,	12110.429510354996,	536.1267281096301,	360.0,	444.0506329113924,	880
467277732,	12138.770623922348,	536.5140552986671,	620.0,	456.3544303797468,	840
468404201,	12168.173783779144,	558.8626497688005,	760.0,	451.2911392405063,	840
469533384,	12196.284572124481,	557.9763847919204,	620.0,	454.9620253164557,	860
470672686,	12224.948364973068,	552.1787463127283,	500.0,	455.46835443037975,	840
471820044,	12253.689796447754,	562.9608716814555,	660.0,	458.2278481012658,	820
472994880,	12282.248863458633,	550.66478451331,	540.0,	472.9873417721519,	860
474164359,	12311.055260419846,	551.598306061979,	580.0,	473.39240506329116,	860
475316159,	12339.687376737595,	551.438475455781,	620.0,	464.55696202531647,	840
476483399,	12370.552765369415,	553.294627910203,	620.0,	476.0759493670886,	840
477631639,	12399.659312009811,	542.9651651191826,	560.0,	469.1645569620253,	840
478777151,	12428.321248054504,	537.6686486072643,	620.0,	463.746835443038,	840
479952187,	12456.861340999603,	550.901783746538,	760.0,	480.45569620253167,	840
481149454,	12485.75989317894,	545.8116053718842,	500.0,	492.6835443037975,	840
482330096,	12514.32728099823,	555.2304448346957,	740.0,	486.2025316455696,	820
483537593,	12543.59324502945,	574.7074003512262,	780.0,	495.9746835443038,	840
484760290,	12572.67589521408,	583.2366603161036,	680.0,	501.9493670886076,	840
485971839,	12601.538773059845,	556.9129942844932,	320.0,	490.63291139240505,	820
487162701,	12630.320918798447,	568.2216948560439,	680.0,	477.5189873417722,	840
488374545,	12659.254697561264,	567.3995253704395,	600.0,	488.1012658227848,	840
489615467,	12688.068814516068,	570.6595728333956,	600.0,	503.26582278481015,	860
490841818,	12716.894935131073,	561.593615550056,	480.0,	498.40506329113924,	820
492070526,	12746.055748939514,	567.4342539950504,	620.0,	503.8987341772152,	840
493282056,	12775.25512123108,	568.6908285955453,	580.0,	495.8481012658228,	860
494523145,	12804.750477313995,	573.8217457359908,	620.0,	510.53164556962025,	840
495746641,	12833.631596803665,	573.4395711623918,	800.0,	500.8101265822785,	840
496973785,	12862.56520819664,	576.0956140461526,	700.0,	500.0253164556962,	820
498189555,	12891.545345544815,	585.4860526415373,	720.0,	497.36708860759495,	840
499373627,	12919.825831413269,	604.9374473773836,	780.0,	481.46835443037975,	840
500558750,	12948.766596078873,	593.4437026396453,	580.0,	481.72151898734177,	840
501749120,	12977.738728046417,	584.0993323756808,	600.0,	481.7974683544304,	860
502908813,	13008.108005523682,	580.6893991381127,	580.0,	466.50632911392404,	820
504074679,	13037.401374816895,	574.6204592243014,	520.0,	471.39240506329116,	840
505233439,	13066.391812086105,	576.1584133018713,	620.0,	468.0759493670886,	840
506448746,	13095.48886847496,	563.5425719716842,	520.0,	495.36708860759495,	820
507656490,	13124.958706855774,	574.1883147745158,	700.0,	492.9873417721519,	840
508835667,	13154.97228550911,	595.7694832970642,	840.0,	476.8607594936709,	860
510001294,	13184.879392623901,	574.1925349673578,	440.0,	471.9746835443038,	840
511129559,	13214.499231100082,	562.773281470622,	460.0,	455.6455696202532,	820
512246703,	13243.15038228035,	580.4959533235598,	740.0,	451.1392405063291,	820
513384998,	13272.242166280746,	593.4463579912037,	780.0,	460.30379746835445,	840
514532176,	13301.387615442276,	614.1017221920833,	800.0,	466.126582278481,	840
515661872,	13330.211502075195,	626.691549972875,	740.0,	454.9113924050633,	840
516801500,	13358.870464324951,	642.0223949755875,	780.0,	463.46835443037975,	900
517935692,	13387.6010556221,	645.8201554780288,	760.0,	457.873417721519,	840
519033335,	13416.74779701233,	643.238139930226,	620.0,	439.1645569620253,	900
520153435,	13445.897135257721,	637.9143259372034,	780.0,	450.2025316455696,	840
521278644,	13474.830716371536,	648.1228933434832,	740.0,	452.9873417721519,	840
522386630,	13504.739116430283,	629.3106040091349,	460.0,	443.56962025316454,	840
523497273,	13533.96323633194,	623.3795436082214,	800.0,	443.11392405063293,	840
524607313,	13563.125546455383,	611.0415892473993,	580.0,	442.75949367088606,	840
525728024,	13593.543416023254,	623.9374303226593,	740.0,	450.8354430379747,	820
526851093,	13623.37746500969,	636.5436872903934,	800.0,	451.44303797468353,	820
527965480,	13652.229530572891,	635.8893185613541,	760.0,	446.9113924050633,	820
529088541,	13681.496515512466,	637.3003867052187,	720.0,	449.1392405063291,	840
530224386,	13711.061603307724,	633.5703480346968,	700.0,	456.45569620253167,	840
531358322,	13740.856950998306,	633.2133132312272,	820.0,	455.1645569620253,	820
532493942,	13770.273091077805,	641.8919819081044,	800.0,	453.8481012658228,	840
533633840,	13799.387234687805,	651.702783717294,	740.0,	455.873417721519,	840
534788341,	13829.248785972595,	642.5325053455646,	560.0,	467.1392405063291,	820
535934422,	13858.481575012207,	641.2792548110081,	760.0,	461.44303797468353,	840
537074188,	13888.273244142532,	630.1513293299073,	700.0,	455.72151898734177,	840
538228099,	13918.355842113495,	615.1361963969166,	480.0,	466.0506329113924,	840
539428954,	13947.985310077667,	626.6225767572249,	760.0,	487.67088607594934,	820
540606410,	13977.906476974487,	624.9603190815025,	780.0,	476.8607594936709,	840
541801918,	14008.438407182693,	640.4642871733522,	820.0,	483.9493670886076,	860
542988570,	14038.264935016632,	640.417858456017,	660.0,	480.8607594936709,	840
544156503,	14068.084138393402,	658.3760726104153,	820.0,	467.67088607594934,	840
545348898,	14098.192301511765,	642.5384653493738,	540.0,	478.6835443037975,	840
546546041,	14127.862289428711,	652.2846188144365,	740.0,	481.46835443037975,	820
547735156,	14158.093136072159,	649.0561569329928,	620.0,	479.72151898734177,	820
548924960,	14187.98937368393,	645.1505412396936,	660.0,	482.0253164556962,	860
550084122,	14218.070482492447,	626.6354871157242,	500.0,	468.9620253164557,	840
551264550,	14248.240627765656,	632.9719384041518,	820.0,	478.9113924050633,	840
552444880,	14277.795620918274,	624.6747445637367,	660.0,	478.8101265822785,	820
553637114,	14307.580789327621,	642.207270107363,	800.0,	486.8101265822785,	840
554859426,	14337.700579404831,	648.9865430966267,	720.0,	500.4810126582278,	840
556079170,	14367.976609945297,	653.0878887869641,	800.0,	500.8101265822785,	860
557277183,	14397.313131332397,	660.7790999082677,	800.0,	492.9873417721519,	840
558512802,	14428.624170303345,	658.7011899174408,	780.0,	511.46835443037975,	860
559609511,	14458.34999036789,	658.8310709256967,	660.0,	424.8354430379747,	880
560734038,	14488.627282619476,	665.947963833127,	760.0,	439.0379746835443,	880
561826286,	14519.220742225647,	674.3531674498144,	780.0,	423.9493670886076,	840
562929617,	14549.626096487045,	664.917850704833,	640.0,	432.75949367088606,	840
564025011,	14579.353505134583,	658.4260656343497,	600.0,	434.2278481012658,	860
565143191,	14609.905541658401,	670.5834590709147,	800.0,	446.50632911392404,	860
566245827,	14639.9886572361,	672.5251131638232,	820.0,	440.253164556962,	820
567343899,	14670.25449681282,	684.2726018474409,	820.0,	435.44303797468353,	840
568440466,	14700.440467834473,	680.8453416626968,	680.0,	436.9113924050633,	860
569559715,	14730.480561971664,	664.7608074964271,	640.0,	450.32911392405066,	880
570693753,	14760.862474918365,	679.2847267467844,	840.0,	455.9240506329114,	860
571822087,	14790.880151987076,	681.3562540721059,	780.0,	457.2911392405063,	860
572944504,	14820.956694841385,	682.2206286648953,	700.0,	453.36708860759495,	880
574082044,	14852.264633655548,	682.9985657984058,	760.0,	460.63291139240505,	1020
575216837,	14882.40242433548,	689.6987092185652,	780.0,	457.8987341772152,	860
576372489,	14913.268984079361,	676.7288382967087,	580.0,	466.40506329113924,	840
577520126,	14943.664600849152,	678.0559544670377,	700.0,	464.53164556962025,	840
578670836,	14973.787978887558,	678.2503590203339,	740.0,	467.56962025316454,	860
579795972,	15004.107792139053,	689.4253231183005,	800.0,	454.8354430379747,	840
580922687,	15034.2502348423,	693.4827908064705,	760.0,	454.9113924050633,	840
582027560,	15064.435895442963,	693.1345117258234,	800.0,	442.253164556962,	860
583150256,	15094.497285842896,	692.8210605532411,	800.0,	450.126582278481,	860
584289044,	15124.313300132751,	683.538954497917,	600.0,	460.43037974683546,	960
585446464,	15154.458037137985,	675.1850590481253,	800.0,	466.30379746835445,	840
586609023,	15185.132246255875,	678.6665531433127,	740.0,	469.1645569620253,	900
587769665,	15215.283465147018,	667.7998978289814,	620.0,	471.72151898734177,	840
588917256,	15245.510463953018,	665.0199080460833,	780.0,	463.9240506329114,	860
590049328,	15275.492898464203,	659.517917241475,	820.0,	453.873417721519,	860
591186889,	15305.528906345367,	665.5661255173275,	820.0,	458.40506329113924,	860
592319008,	15335.57153224945,	665.0095129655947,	680.0,	455.4177215189873,	840
593458629,	15365.824801683426,	657.5085616690352,	700.0,	458.88607594936707,	860
594595029,	15395.984605550766,	669.7577055021317,	780.0,	457.44303797468353,	840
595753199,	15426.263754606247,	680.7819349519185,	820.0,	470.8101265822785,	840
596891987,	15456.621297359467,	675.7037414567267,	740.0,	460.9873417721519,	860
598040632,	15486.898640871048,	680.133367311054,	720.0,	465.72151898734177,	840
599194898,	15517.262865543365,	692.1200305799487,	800.0,	467.2911392405063,	840
600353030,	15547.515570878983,	700.9080275219538,	780.0,	468.0759493670886,	840
601509090,	15577.957419157028,	690.8172247697585,	600.0,	468.9620253164557,	900
602662864,	15608.358721017838,	696.7355022927826,	760.0,	466.5822784810127,	860
603840787,	15639.214538574219,	689.0619520635044,	660.0,	477.72151898734177,	840
604998690,	15669.323337078094,	698.155756857154,	780.0,	467.49367088607596,	860
606158666,	15699.441833496094,	693.3401811714385,	680.0,	473.59493670886076,	840
607317869,	15730.641765356064,	700.0061630542947,	760.0,	472.6835443037975,	860
608489171,	15761.089554071426,	713.0055467488652,	860.0,	479.746835443038,	840
609682480,	15792.403070926666,	711.7049920739787,	800.0,	492.30379746835445,	1020
610863145,	15823.297024965286,	703.5344928665809,	780.0,	489.1392405063291,	860
612047271,	15853.634101390839,	697.1810435799227,	640.0,	488.88607594936707,	880
613220482,	15883.477821111679,	687.4629392219305,	600.0,	479.49367088607596,	860
614393270,	15913.555848360062,	673.7166452997374,	620.0,	477.9746835443038,	860
615583841,	15943.866304636002,	684.3449807697637,	780.0,	487.54430379746833,	860
616743631,	15974.078929424286,	689.9104826927872,	780.0,	474.88607594936707,	840
617919632,	16004.155787229538,	697.9194344235085,	820.0,	483.34177215189874,	860
619067610,	16034.259633541107,	707.1274909811576,	800.0,	471.0886075949367,	840
620224594,	16064.426571846008,	704.4147418830419,	760.0,	472.8101265822785,	860
621407336,	16094.766650676727,	706.9732676947377,	820.0,	487.1392405063291,	840
622621248,	16125.115932941437,	707.275940925264,	780.0,	502.7088607594937,	860
623838515,	16155.35920548439,	709.5483468327376,	740.0,	505.7721518987342,	860
625050665,	16185.859819889069,	716.5935121494638,	820.0,	496.27848101265823,	840
626280818,	16216.022944927216,	721.9341609345174,	780.0,	505.26582278481015,	840
627491627,	16247.180088281631,	726.7407448410656,	820.0,	493.8987341772152,	960
628696253,	16277.494015693665,	716.0666703569591,	620.0,	492.1012658227848,	860
629942531,	16307.578826665878,	710.4600033212632,	800.0,	518.1772151898734,	840
631167401,	16337.483281135559,	711.4140029891369,	800.0,	508.8607594936709,	860
632413662,	16367.744430065155,	710.2726026902232,	700.0,	521.9240506329114,	880
633665168,	16398.27156472206,	703.2453424212008,	640.0,	516.126582278481,	1020
634896081,	16429.237154245377,	660.9208081790807,	280.0,	509.82278481012656,	940
636116768,	16459.59441256523,	672.8287273611727,	780.0,	503.8481012658228,	860
637333171,	16490.023046970367,	685.5458546250554,	820.0,	499.39240506329116,	860
638513723,	16519.946272850037,	686.9912691625499,	720.0,	482.9113924050633,	840
639708975,	16549.95289182663,	689.2921422462949,	780.0,	493.26582278481015,	860
640905267,	16580.429778814316,	690.3629280216654,	800.0,	491.39240506329116,	860
642114772,	16610.44424843788,	689.3266352194989,	680.0,	493.34177215189874,	840
643318125,	16640.883079767227,	682.3939716975491,	720.0,	489.46835443037975,	860
644523390,	16671.438519716263,	690.1545745277942,	800.0,	488.1012658227848,	1000
645724486,	16701.767102003098,	693.1391170750148,	800.0,	482.9367088607595,	860
646934123,	16731.93469142914,	683.8252053675134,	620.0,	491.2151898734177,	840
648136242,	16762.248100042343,	675.442684830762,	600.0,	487.26582278481015,	860
649353504,	16792.49758219719,	687.8984163476858,	800.0,	491.62025316455697,	820
650572444,	16822.786411762238,	699.1085747129173,	820.0,	491.0379746835443,	840
651782720,	16853.412562847137,	703.1977172416256,	840.0,	485.56962025316454,	860
652980541,	16883.45422577858,	700.877945517463,	680.0,	482.43037974683546,	860
654205609,	16913.45896410942,	706.7901509657167,	780.0,	495.69620253164555,	860
655463783,	16943.973317861557,	707.1111358691451,	780.0,	512.2278481012659,	840
656727536,	16974.025262594223,	690.4000222822306,	580.0,	514.8607594936709,	860
657996398,	17004.418649435043,	700.3600200540075,	800.0,	517.5696202531645,	840
659261088,	17034.709290981293,	702.3240180486067,	820.0,	514.0759493670886,	840
660537954,	17065.35299539566,	704.0916162437461,	720.0,	521.6708860759494,	860
661824843,	17095.855087518692,	707.6824546193715,	800.0,	530.4050632911392,	860
663088146,	17126.319966316223,	699.9142091574344,	640.0,	513.3417721518987,	880
664361377,	17156.46510910988,	709.9227882416909,	800.0,	519.3924050632911,	860
665655233,	17187.04554104805,	712.9305094175218,	740.0,	532.4810126582279,	880
666925356,	17217.291564941406,	716.6374584757696,	760.0,	518.9620253164557,	860
668190381,	17247.85283923149,	705.9737126281926,	620.0,	516.9113924050633,	840
669488328,	17278.522364377975,	700.3763413653734,	740.0,	531.2911392405064,	860
670757232,	17308.80371427536,	700.338707228836,	780.0,	517.9240506329114,	860
672054428,	17339.18000650406,	700.3048365059524,	700.0,	528.8354430379746,	840
673326101,	17369.63562989235,	696.2743528553572,	660.0,	515.0379746835443,	860
674615645,	17400.140157938004,	681.6469175698214,	600.0,	523.2911392405064,	840
675886952,	17430.50433397293,	679.4822258128393,	720.0,	516.1012658227849,	860
677175775,	17461.087463855743,	671.5340032315553,	600.0,	525.3164556962025,	860
678472354,	17491.30240392685,	647.3806029083997,	440.0,	530.9873417721519,	860
679758889,	17521.677364826202,	632.6425426175598,	500.0,	526.9620253164557,	1000
681023245,	17551.93245458603,	633.3782883558038,	640.0,	517.2658227848101,	860
682285459,	17582.001502513885,	644.0404595202234,	740.0,	519.5696202531645,	840
683572576,	17612.354934692383,	647.6364135682011,	800.0,	526.4556962025316,	840
684844516,	17642.83405470848,	659.872772211381,	800.0,	521.493670886076,	980
686107353,	17673.001660585403,	651.8854949902428,	580.0,	517.5189873417721,	900
687399169,	17703.94629096985,	650.6969454912186,	640.0,	531.493670886076,	860
688679163,	17734.01999092102,	665.6272509420967,	820.0,	525.6455696202531,	860
689966741,	17764.430181980133,	672.064525847887,	820.0,	529.3417721518987,	860
691237711,	17794.817509174347,	674.8580732630983,	740.0,	519.6708860759494,	840
692489752,	17824.739626407623,	681.3722659367885,	740.0,	511.6455696202532,	840
693743890,	17854.74551463127,	671.2350393431096,	760.0,	511.72151898734177,	840
695011987,	17885.391003608704,	672.1115354087987,	720.0,	517.873417721519,	840
696263848,	17915.50985598564,	658.9003818679188,	540.0,	510.60759493670884,	840
697518500,	17945.416297197342,	669.0103436811269,	760.0,	515.367088607595,	840
698782945,	17975.462203979492,	664.1093093130141,	620.0,	521.746835443038,	860
700057438,	18005.592881917953,	669.6983783817127,	780.0,	525.873417721519,	860
701317764,	18035.910447359085,	672.7285405435414,	720.0,	517.0632911392405,	840
702630100,	18066.617742061615,	670.4556864891872,	740.0,	542.1012658227849,	880
703932088,	18096.64610338211,	664.4101178402685,	660.0,	539.3417721518987,	860
705210815,	18126.89641213417,	671.9691060562417,	780.0,	528.253164556962,	860
706492629,	18157.642999887466,	660.7721954506176,	580.0,	528.1772151898734,	860
707750283,	18187.849583864212,	656.6949759055558,	620.0,	518.7848101265823,	860
709028745,	18218.441237926483,	657.0254783150002,	660.0,	527.7721518987341,	860
710311416,	18248.82536840439,	651.3229304835002,	680.0,	529.620253164557,	860
711621274,	18280.145773410797,	640.1906374351502,	600.0,	541.0126582278481,	960
712930599,	18310.206592559814,	648.1715736916351,	740.0,	539.0632911392405,	840
714248526,	18340.308584213257,	649.3544163224716,	740.0,	542.1772151898734,	860
715570647,	18370.44070124626,	644.4189746902244,	600.0,	545.620253164557,	840
716893591,	18400.70725607872,	640.977077221202,	620.0,	547.0379746835443,	840
718206188,	18431.48433971405,	645.8793694990818,	820.0,	541.6962025316456,	1020
719501891,	18461.959451436996,	640.2914325491736,	620.0,	532.4556962025316,	880
720757665,	18492.273486852646,	635.2622892942562,	660.0,	516.6582278481013,	860
722009543,	18523.502687454224,	643.7360603648306,	780.0,	512.7088607594936,	1000
723230501,	18553.999771118164,	659.3624543283474,	840.0,	499.0126582278481,	940
724481339,	18584.21683526039,	663.4262088955127,	760.0,	512.2025316455696,	880
725734296,	18615.120193719864,	674.0835880059614,	780.0,	510.8607594936709,	860
726962941,	18645.249502182007,	675.6752292053652,	720.0,	498.50632911392404,	860
728215133,	18675.73498415947,	684.1077062848287,	820.0,	511.873417721519,	840
729481062,	18705.933905363083,	675.6969356563459,	600.0,	521.1392405063291,	860
730747658,	18736.28419995308,	672.1272420907113,	800.0,	523.7215189873418,	840
732031100,	18766.77107810974,	670.9145178816402,	740.0,	526.5316455696203,	860
733328999,	18797.41746687889,	677.8230660934762,	780.0,	535.1898734177215,	840
734616388,	18827.680298805237,	672.0407594841286,	780.0,	531.1898734177215,	880
735895342,	18858.38300538063,	678.8366835357157,	740.0,	530.126582278481,	840
737183916,	18889.096291303635,	680.9530151821441,	780.0,	534.8607594936709,	840
738461165,	18920.355063199997,	685.8577136639296,	740.0,	529.8227848101266,	880
739724265,	18951.211083889008,	690.2719422975367,	780.0,	520.6835443037975,	840
740990709,	18981.673476934433,	688.244748067783,	720.0,	522.9113924050633,	840
742272515,	19011.828217744827,	682.4202732610047,	740.0,	530.1772151898734,	880
743567462,	19042.816519021988,	690.1782459349042,	760.0,	536.8607594936709,	880
744849763,	19073.33748102188,	699.1604213414138,	800.0,	528.126582278481,	880
746094869,	19103.557646989822,	707.2443792072725,	780.0,	512.0,	840
747348745,	19133.879998922348,	712.5199412865452,	820.0,	517.4683544303797,	860
748610229,	19164.282403469086,	720.2679471578907,	860.0,	519.2405063291139,	880
749879721,	19194.689948797226,	720.2411524421017,	760.0,	524.632911392405,	860
751142648,	19224.787250995636,	717.2170371978915,	760.0,	523.1392405063291,	880
752349020,	19255.13142466545,	717.4953334781023,	720.0,	483.36708860759495,	880
753560982,	19285.6693379879,	723.7458001302921,	800.0,	485.72151898734177,	860
754744985,	19315.72575736046,	723.3712201172629,	780.0,	475.39240506329116,	860
755935166,	19346.47023153305,	727.0340981055366,	800.0,	481.36708860759495,	860
757108028,	19376.56511735916,	718.3306882949829,	640.0,	475.24050632911394,	880
758298702,	19407.66534924507,	711.4976194654846,	660.0,	484.5822784810127,	900
759476393,	19438.01141858101,	720.3478575189362,	820.0,	480.30379746835445,	880
760645637,	19468.55636525154,	720.3130717670425,	780.0,	477.3164556962025,	880
761801779,	19498.67356467247,	703.2817645903383,	560.0,	466.9113924050633,	840
763009308,	19529.221328258514,	709.9535881313045,	800.0,	490.45569620253167,	860
764213662,	19559.696895599365,	707.9582293181741,	700.0,	481.46835443037975,	840
765420860,	19589.96452474594,	697.1624063863567,	600.0,	488.6835443037975,	860
766602566,	19620.73579788208,	685.446165747721,	660.0,	481.11392405063293,	860
767783637,	19652.6908826828,	684.9015491729489,	840.0,	482.1518987341772,	900
768973979,	19683.094511270523,	688.4113942556539,	760.0,	485.746835443038,	940
770162187,	19713.31562614441,	697.5702548300885,	820.0,	484.9620253164557,	840
771338489,	19743.816732645035,	702.8132293470796,	760.0,	479.9746835443038,	860
772510693,	19773.69346499443,	711.5319064123717,	800.0,	475.67088607594934,	860
773691570,	19803.87807035446,	700.3787157711345,	780.0,	480.9367088607595,	860
774870387,	19834.439986228943,	698.340844194021,	760.0,	480.2025316455696,	860
776046191,	19865.844279289246,	698.5067597746189,	720.0,	477.26582278481015,	860
777249420,	19896.28648543358,	705.656083797157,	780.0,	493.46835443037975,	860
778435378,	19926.81731581688,	703.0904754174412,	680.0,	478.9367088607595,	860
779628012,	19957.38955950737,	712.7814278756971,	820.0,	483.7974683544304,	860
780832860,	19988.69017124176,	707.5032850881274,	660.0,	486.27848101265823,	840
781998429,	20018.96415400505,	713.7529565793147,	780.0,	467.746835443038,	860
783176073,	20049.305504083633,	719.3776609213833,	800.0,	472.126582278481,	840
784353958,	20079.778369426727,	709.439894829245,	780.0,	468.2025316455696,	840
785508708,	20110.232588768005,	714.4959053463205,	780.0,	460.55696202531647,	840
786677239,	20140.594783067703,	711.0463148116884,	680.0,	469.6455696202532,	860
787830587,	20170.821834087372,	705.9416833305195,	780.0,	460.9113924050633,	860
788983756,	20201.072421312332,	714.3475149974676,	800.0,	458.73417721518985,	860
790152966,	20231.571516752243,	714.9127634977208,	720.0,	468.30379746835445,	840
791325674,	20261.97873568535,	710.4214871479487,	840.0,	470.0253164556962,	860
792543067,	20293.137769937515,	717.3793384331539,	780.0,	494.8101265822785,	840
793775741,	20323.211312055588,	723.6414045898384,	780.0,	502.9367088607595,	860
794999545,	20353.55759382248,	722.2772641308546,	800.0,	501.0379746835443,	860
796197778,	20384.197583675385,	714.0495377177692,	640.0,	487.7974683544304,	860
797421668,	20414.479255199432,	704.6445839459923,	760.0,	495.46835443037975,	860
798701233,	20444.96453809738,	708.1801255513931,	800.0,	514.7848101265823,	1000
799944187,	20475.521378278732,	715.3621129962538,	800.0,	495.8481012658228,	840
801195858,	20506.458785295486,	718.8259016966284,	800.0,	499.9493670886076,	860
802410033,	20536.60884475708,	710.9433115269655,	640.0,	483.67088607594934,	860
803629206,	20567.020937681198,	719.848980374269,	820.0,	491.873417721519,	840
804824601,	20597.166950702667,	720.8640823368421,	760.0,	481.0379746835443,	860
806017333,	20627.396555900574,	728.7776741031579,	820.0,	482.43037974683546,	880
807224120,	20659.38934159279,	717.8999066928421,	620.0,	486.0,	860
808428197,	20689.325845718384,	708.109916023558,	620.0,	480.17721518987344,	840
809629615,	20720.12682032585,	697.2989244212022,	600.0,	486.126582278481,	840
810833325,	20750.266657590866,	697.569031979082,	820.0,	483.1898734177215,	840
812049931,	20781.43368768692,	687.8121287811738,	600.0,	492.0759493670886,	880
813258572,	20812.437258005142,	703.0309159030564,	840.0,	486.6835443037975,	840
814453157,	20843.05452466011,	707.7278243127508,	860.0,	485.0126582278481,	860
815677244,	20874.473034858704,	718.9550418814757,	820.0,	495.4177215189873,	1000
816886797,	20905.358264923096,	726.0595376933281,	800.0,	492.8101265822785,	880
818129105,	20936.090699911118,	732.4535839239953,	860.0,	509.44303797468353,	880
819349453,	20967.52409529686,	738.2082255315958,	800.0,	494.6835443037975,	860
820585789,	20997.994318962097,	737.3874029784362,	800.0,	500.126582278481,	840
821840625,	21028.381408452988,	733.6486626805926,	760.0,	510.88607594936707,	840
823090870,	21059.673993110657,	731.2837964125333,	780.0,	505.69620253164555,	880
824308090,	21089.858978033066,	737.15541677128,	840.0,	492.1518987341772,	840
825552491,	21120.414120674133,	741.439875094152,	780.0,	509.56962025316454,	860
826767360,	21150.73723578453,	733.2958875847368,	660.0,	496.73417721518985,	860
827995245,	21180.960698366165,	723.966298826263,	740.0,	502.1518987341772,	840
829236050,	21211.37727332115,	725.5696689436368,	740.0,	509.8481012658228,	880
830466418,	21242.06246972084,	728.0127020492731,	800.0,	505.4177215189873,	840
831673243,	21273.593188285828,	725.2114318443458,	700.0,	493.24050632911394,	860
832896297,	21304.173820972443,	730.6902886599113,	780.0,	498.55696202531647,	860
834144492,	21334.733276367188,	729.6212597939202,	780.0,	512.7594936708861,	860
835415838,	21365.32537984848,	733.6591338145282,	800.0,	527.2405063291139,	860
836705103,	21396.026122808456,	733.2932204330754,	780.0,	536.0506329113924,	860
837958187,	21426.58508658409,	737.9638983897678,	840.0,	517.6455696202531,	860
839212573,	21457.092084169388,	734.167508550791,	800.0,	518.8354430379746,	860
840473845,	21487.5511136055,	739.7507576957119,	820.0,	522.3544303797469,	880
841728313,	21518.722375392914,	741.7756819261407,	780.0,	522.6075949367089,	880
842967072,	21549.320361614227,	737.5981137335266,	700.0,	515.4430379746835,	860
844225385,	21579.836018800735,	740.8383023601739,	800.0,	525.1645569620254,	860
845486536,	21611.48017668724,	722.7544721241566,	560.0,	525.7974683544304,	860
846794241,	21641.962393045425,	723.4790249117409,	800.0,	545.8227848101266,	840
848132297,	21672.624628067017,	727.1311224205668,	780.0,	559.7721518987341,	860
849451602,	21703.116441965103,	736.4180101785101,	840.0,	551.7215189873418,	860
850765874,	21733.654058933258,	718.7762091606592,	660.0,	548.0253164556962,	860
852062892,	21764.378042936325,	730.8985882445933,	840.0,	542.9113924050633,	860
853370825,	21795.69199681282,	729.8087294201339,	740.0,	549.5696202531645,	860
854672257,	21827.29959988594,	733.8278564781205,	820.0,	546.5316455696203,	880
855967591,	21857.691333293915,	741.4450708303084,	820.0,	544.1518987341772,	880
857254701,	21888.285135030746,	749.3005637472776,	840.0,	540.8607594936709,	860
858534740,	21918.878844499588,	744.3705073725498,	700.0,	534.2784810126582,	860
859801525,	21949.161052942276,	749.9334566352949,	800.0,	527.0886075949367,	860
861095669,	21980.07310962677,	753.9401109717654,	820.0,	539.7215189873418,	860
862393531,	22011.926108121872,	760.5460998745889,	820.0,	543.493670886076,	880
863706435,	22042.438112020493,	764.49148988713,	800.0,	552.7848101265823,	860
865017496,	22073.09900355339,	755.042340898417,	860.0,	552.7088607594936,	860
866322763,	22103.645690202713,	760.5381068085753,	840.0,	549.1898734177215,	840
867637773,	22134.4365568161,	758.4842961277178,	740.0,	553.9493670886076,	880
868917637,	22164.91607618332,	752.635866514946,	780.0,	537.6708860759494,	880
870209457,	22195.96457052231,	749.3722798634514,	820.0,	545.5696202531645,	880
871486261,	22226.383974552155,	745.4350518771062,	820.0,	537.8987341772151,	880
872770438,	22257.098936080933,	744.8915466893956,	800.0,	539.7974683544304,	860
874070288,	22287.715217351913,	723.402392020456,	540.0,	547.746835443038,	880
875364058,	22317.8619389534,	724.0621528184104,	820.0,	546.6835443037975,	860
876648264,	22348.219633102417,	730.6559375365694,	800.0,	541.3924050632911,	880
877970155,	22379.20714020729,	741.5903437829124,	840.0,	559.8227848101266,	860
879282158,	22410.042445659637,	732.4313094046212,	840.0,	556.3544303797469,	860
880577394,	22440.69184923172,	741.188178464159,	820.0,	548.9367088607595,	860
881850757,	22471.129081487656,	741.0693606177431,	820.0,	539.746835443038,	860
883112591,	22501.795697689056,	734.9624245559688,	680.0,	536.379746835443,	880
884377845,	22532.495710372925,	735.466182100372,	800.0,	536.4556962025316,	880
885649420,	22563.426007032394,	728.9195638903348,	720.0,	541.6455696202531,	880
886922625,	22593.864534139633,	737.0276075013013,	820.0,	544.506329113924,	880
888192246,	22626.025393247604,	726.3248467511712,	840.0,	540.4303797468355,	880
889460407,	22656.663439273834,	727.6923620760541,	820.0,	539.620253164557,	880
890717177,	22687.563925743103,	720.9231258684487,	820.0,	531.4430379746835,	880
891947913,	22718.051975011826,	716.8308132816038,	800.0,	519.2658227848101,	880
893181947,	22748.616426944733,	712.1477319534434,	820.0,	522.1012658227849,	880
894453599,	22779.80524802208,	704.9329587580991,	660.0,	541.1645569620254,	880
895717867,	22810.545870542526,	713.4396628822892,	820.0,	537.1645569620254,	860
897006169,	22841.65679049492,	704.0956965940603,	680.0,	547.1392405063291,	860
898284109,	22872.944870710373,	715.6861269346543,	820.0,	542.7088607594936,	860
899549048,	22903.1917989254,	720.1175142411889,	880.0,	536.6582278481013,	860
900802156,	22934.0144469738,	724.1057628170701,	860.0,	531.0379746835443,	860
902045637,	22964.357005357742,	730.6951865353631,	800.0,	526.6075949367089,	860
903272180,	22994.8488008976,	736.6256678818268,	800.0,	521.493670886076,	880
904527482,	23025.589235544205,	742.9631010936441,	800.0,	531.7974683544304,	880
905782198,	23056.050040721893,	750.6667909842797,	820.0,	532.0506329113924,	880
907041377,	23086.530267953873,	755.6001118858518,	840.0,	534.6835443037975,	880
908277083,	23117.191959381104,	760.0401006972666,	800.0,	521.6455696202531,	880
909526780,	23147.66152882576,	750.0360906275399,	680.0,	527.746835443038,	860
910791395,	23178.230434417725,	744.0324815647859,	740.0,	535.493670886076,	880
912053999,	23208.66876888275,	740.6292334083073,	780.0,	534.8860759493671,	900
913317977,	23239.75567817688,	740.5663100674766,	820.0,	531.9493670886076,	860
914615843,	23272.429580450058,	739.5096790607289,	800.0,	547.493670886076,	900
915887157,	23303.92737722397,	733.5587111546561,	720.0,	534.8607594936709,	860
917165720,	23334.382900953293,	733.2028400391905,	780.0,	538.506329113924,	880
918407373,	23365.386511802673,	730.8825560352715,	800.0,	521.873417721519,	880
919632983,	23395.86000561714,	738.7943004317443,	840.0,	515.3164556962025,	880
920834411,	23426.39898967743,	736.9148703885699,	800.0,	502.3544303797468,	860
922052403,	23457.968403577805,	745.2233833497129,	840.0,	509.1898734177215,	860
923260075,	23488.833080768585,	752.7010450147416,	840.0,	505.1392405063291,	880
924509839,	23519.862352609634,	755.4309405132674,	780.0,	524.9873417721519,	860
925765303,	23550.57370686531,	758.8878464619406,	800.0,	529.4683544303797,	880
927012580,	23582.58002471924,	754.9990618157466,	820.0,	524.6075949367089,	880
928271437,	23613.305032014847,	743.499155634172,	640.0,	531.6962025316456,	880
929532571,	23644.00369977951,	733.1492400707548,	760.0,	532.632911392405,	880
930803946,	23674.586599826813,	739.8343160636794,	800.0,	539.2405063291139,	880
932042286,	23704.959656000137,	736.8508844573114,	780.0,	521.5949367088608,	880
933297951,	23735.72494506836,	736.1657960115803,	820.0,	530.5316455696203,	860
934505846,	23767.483390569687,	731.5492164104222,	700.0,	504.7088607594937,	880
935744163,	23799.225249767303,	728.3942947693799,	820.0,	520.9113924050633,	880
936982444,	23830.563413858414,	735.554865292442,	800.0,	525.5443037974684,	880
938228589,	23862.126256465912,	737.9993787631978,	820.0,	526.9620253164557,	860
939463435,	23892.744584560394,	748.199440886878,	840.0,	523.6455696202531,	880
940692476,	23925.110455513,	709.3794967981903,	360.0,	517.873417721519,	880
941939281,	23955.941247940063,	719.4415471183713,	840.0,	530.5316455696203,	860
943196075,	23986.597523212433,	728.4973924065342,	820.0,	533.2151898734177,	860
944420706,	24017.500259160995,	735.6476531658808,	800.0,	516.7341772151899,	880
945703756,	24049.40856552124,	742.0828878492928,	800.0,	546.0759493670886,	880
946997036,	24080.289439678192,	748.8745990643635,	820.0,	551.1898734177215,	880
948293757,	24113.09868812561,	740.9871391579271,	700.0,	551.9746835443038,	860
949598006,	24143.72148513794,	748.8884252421344,	820.0,	555.9746835443038,	860
950869677,	24174.32792043686,	754.9995827179209,	860.0,	541.0632911392405,	860
952129574,	24205.46796107292,	761.4996244461288,	840.0,	535.8987341772151,	880
953391366,	24236.137298822403,	752.3496620015159,	800.0,	533.7974683544304,	860
954649163,	24267.64323067665,	760.1146958013643,	840.0,	534.126582278481,	880
955929907,	24299.259677410126,	763.1032262212278,	820.0,	544.4810126582279,	860
957181045,	24330.11390733719,	766.7929035991051,	800.0,	529.4177215189874,	880
958429184,	24360.896248340607,	764.1136132391946,	740.0,	520.5569620253165,	880
959671618,	24391.663560152054,	763.7022519152752,	800.0,	522.4050632911392,	880
960935568,	24422.4377553463,	758.3320267237476,	800.0,	531.1898734177215,	860
962203178,	24454.991889715195,	765.4988240513728,	840.0,	533.9240506329114,	860
963455338,	24486.568642616272,	764.9489416462355,	760.0,	527.3164556962025,	880
964726433,	24517.430817127228,	762.454047481612,	840.0,	540.2784810126582,	860
965996759,	24548.24807214737,	752.2086427334508,	660.0,	539.7721518987341,	860
967269607,	24579.48380970955,	757.9877784601057,	820.0,	541.8987341772151,	900
968537772,	24610.222486257553,	755.1890006140951,	760.0,	538.9620253164557,	880
969802754,	24641.80639886856,	753.6701005526857,	800.0,	537.2911392405064,	880
971096167,	24672.663459062576,	758.3030904974171,	800.0,	551.3924050632911,	880
972355104,	24704.626227855682,	754.4727814476754,	840.0,	533.5949367088608,	880
973601730,	24735.49493288994,	757.0255033029079,	780.0,	521.4683544303797,	880
974848006,	24767.465703248978,	762.322952972617,	820.0,	523.2911392405064,	860
976123644,	24798.68006491661,	744.0906576753554,	640.0,	538.0506329113924,	880
977385805,	24830.357164382935,	747.6815919078199,	840.0,	530.4050632911392,	880
978679523,	24862.331583738327,	743.913432717038,	820.0,	544.9620253164557,	880
979987578,	24893.122425079346,	750.5220894453341,	820.0,	553.0886075949367,	880
981280533,	24924.106189489365,	753.4698805008007,	780.0,	545.3417721518987,	880
982577707,	24955.194535255432,	754.1228924507207,	800.0,	551.3164556962025,	880
983866596,	24985.73270893097,	760.7106032056486,	820.0,	549.2151898734177,	880
985126812,	25018.360476493835,	760.6395428850838,	760.0,	536.8354430379746,	860
986366225,	25050.00851917267,	767.5755885965754,	860.0,	526.8607594936709,	880
987610376,	25080.812254190445,	760.8180297369179,	760.0,	529.6455696202531,	880
988872625,	25112.251064538956,	765.7362267632261,	860.0,	538.5316455696203,	900
990110264,	25143.455394029617,	764.1626040869035,	800.0,	523.746835443038,	860
991358282,	25173.932882785797,	760.7463436782131,	820.0,	530.3037974683544,	880
992612278,	25206.06230711937,	764.6717093103917,	800.0,	534.8101265822785,	880
993880274,	25237.095776557922,	752.2045383793526,	640.0,	543.493670886076,	880
995166477,	25267.757979154587,	751.9840845414174,	780.0,	551.620253164557,	860
996459990,	25299.129697561264,	750.7856760872756,	820.0,	553.5443037974684,	860
997728935,	25330.008723020554,	756.7071084785481,	820.0,	543.1139240506329,	880
999001248,	25361.798293828964,	756.0363976306933,	820.0,	542.6582278481013,	880
1000266604,	25393.89011144638,	752.432757867624,	800.0,	538.379746835443,	880
1001538944,	25424.762838840485,	739.1894820808616,	620.0,	539.4683544303797,	880
1002822751,	25455.590515375137,	732.2705338727754,	740.0,	547.3164556962025,	880
1004099744,	25486.116823911667,	741.0434804854979,	840.0,	543.3417721518987,	860
1005372064,	25517.248992919922,	748.9391324369481,	860.0,	540.7341772151899,	880
1006631349,	25548.16882777214,	734.0452191932533,	600.0,	535.7215189873418,	880
1007897686,	25579.394582509995,	740.6406972739279,	800.0,	541.6962025316456,	860
1009161331,	25610.104813814163,	740.5766275465351,	820.0,	538.8354430379746,	880
1010454492,	25640.98604106903,	747.5189647918816,	820.0,	553.7721518987341,	880
1011706767,	25671.674852609634,	754.7670683126934,	840.0,	532.2784810126582,	880
1012966596,	25702.51770377159,	753.290361481424,	820.0,	538.0759493670886,	880
1014233925,	25733.396916866302,	759.9613253332816,	840.0,	542.7341772151899,	880
1015498806,	25764.251047372818,	767.9651927999535,	860.0,	546.3291139240506,	860
1016753837,	25795.195012569427,	765.1686735199581,	840.0,	535.6455696202531,	880
1018028486,	25827.177038431168,	766.6518061679624,	780.0,	545.2405063291139,	880
1019291625,	25857.89773964882,	753.9866255511662,	640.0,	538.9367088607595,	880
1020565058,	25888.680882692337,	751.5879629960496,	800.0,	544.0759493670886,	880
1021841297,	25919.5610165596,	757.4291666964446,	820.0,	540.4050632911392,	880
1023102667,	25950.400218486786,	751.6862500268,	780.0,	534.9873417721519,	880
1024370095,	25981.288815021515,	756.5176250241201,	800.0,	536.1012658227849,	880
1025654617,	26012.307576179504,	746.8658625217081,	660.0,	548.4810126582279,	880
1026930060,	26044.26663684845,	744.1792762695372,	740.0,	545.620253164557,	880
1028232966,	26075.45081448555,	747.7613486425835,	780.0,	557.9746835443038,	880
1029532323,	26106.389276981354,	736.9852137783251,	640.0,	557.1392405063291,	880
1030843194,	26138.826850891113,	743.2866924004926,	800.0,	565.6455696202531,	880
1032158769,	26169.66925764084,	742.9580231604433,	800.0,	567.7721518987341,	880
1033486646,	26201.49344229698,	748.6622208443989,	800.0,	573.9493670886076,	880
1034803456,	26234.07493829727,	749.795998759959,	780.0,	571.9493670886076,	880
1036112376,	26265.009550333023,	745.8163988839632,	740.0,	565.4430379746835,	880
1037407018,	26295.92185306549,	748.2347589955668,	780.0,	559.2658227848101,	880
1038695705,	26328.19721841812,	755.4112830960102,	820.0,	555.0886075949367,	900
1039988287,	26359.069640636444,	756.8701547864091,	820.0,	556.7594936708861,	880
1041301784,	26391.376036405563,	762.1831393077682,	840.0,	565.7215189873418,	900
1042593776,	26422.206218242645,	763.9648253769914,	780.0,	555.746835443038,	880
1043830274,	26453.003972768784,	735.5683428392922,	480.0,	530.1012658227849,	900
1045088030,	26484.33084011078,	743.011508555363,	820.0,	539.6962025316456,	900
1046333803,	26517.03421354294,	737.7103576998267,	780.0,	531.4683544303797,	880
1047591855,	26550.58265399933,	743.939321929844,	800.0,	539.7974683544304,	880
1048857839,	26581.545420885086,	746.5453897368596,	780.0,	545.6708860759494,	880
1050121115,	26613.307131290436,	753.8908507631737,	820.0,	540.2278481012659,	880
1051400186,	26645.035472393036,	748.5017656868563,	820.0,	549.4177215189874,	880
1052675919,	26676.25535082817,	754.6515891181707,	860.0,	548.7088607594936,	900
1053959652,	26708.071002483368,	761.1864302063536,	840.0,	550.126582278481,	880
1055246156,	26740.167577028275,	767.0677871857183,	820.0,	551.5949367088608,	880
1056543873,	26771.086335659027,	755.3610084671465,	780.0,	559.0379746835443,	880
1057839797,	26801.736848592758,	757.8249076204318,	800.0,	558.3291139240506,	880
1059126715,	26833.498173236847,	758.0424168583886,	780.0,	554.1518987341772,	900
1060411207,	26864.692717790604,	748.2381751725497,	700.0,	553.1645569620254,	900
1061668643,	26896.15129828453,	752.4143576552948,	820.0,	537.4177215189874,	880
1062923934,	26927.825951337814,	743.1729218897653,	680.0,	537.5189873417721,	880
1064163395,	26959.048188209534,	741.8556297007888,	760.0,	530.3544303797469,	880
1065409803,	26990.174302577972,	745.6700667307099,	780.0,	534.9873417721519,	880
1066672623,	27021.23690533638,	744.1030600576389,	780.0,	542.5822784810126,	880
1067937299,	27053.50278544426,	733.692754051875,	640.0,	543.2405063291139,	980
1069209424,	27084.24873828888,	741.3234786466875,	820.0,	547.873417721519,	880
1070472349,	27116.337240219116,	749.1911307820187,	820.0,	543.5696202531645,	1120
1071746552,	27147.2602353096,	756.2720177038168,	840.0,	548.4303797468355,	880
1073034136,	27178.321527719498,	761.6448159334351,	820.0,	559.7721518987341,	880
1074327604,	27210.156333208084,	769.4803343400915,	840.0,	558.3291139240506,	880
1075624874,	27242.209731578827,	771.5323009060824,	840.0,	561.0126582278481,	880
1076922852,	27273.000966072083,	766.3790708154742,	820.0,	560.7594936708861,	880
1078223284,	27303.7708067894,	764.7411637339268,	780.0,	562.3291139240506,	880
1079512809,	27335.10302233696,	765.2670473605341,	780.0,	556.5569620253165,	880
1080794518,	27365.726206064224,	766.7403426244807,	780.0,	551.8481012658228,	880
1082084271,	27396.811647892,	756.0663083620326,	800.0,	556.9367088607595,	880
1083356720,	27427.42066168785,	762.4596775258293,	820.0,	548.6075949367089,	880
1084630634,	27458.120850801468,	765.2137097732464,	820.0,	545.8481012658228,	880
1085910632,	27488.77491092682,	768.6923387959217,	820.0,	547.6708860759494,	880
1087176490,	27519.390382289886,	766.8231049163296,	780.0,	540.0759493670886,	880
1088448676,	27550.11189198494,	762.1407944246967,	800.0,	545.9240506329114,	880
1089716519,	27580.92452597618,	761.9267149822269,	800.0,	541.1139240506329,	880
1090982024,	27611.611537218094,	759.7340434840042,	800.0,	543.0379746835443,	880
1092256194,	27642.44668531418,	741.7606391356038,	640.0,	548.6075949367089,	900
1093541776,	27673.240332603455,	751.5845752220434,	840.0,	554.4556962025316,	900
1094813479,	27703.931557893753,	748.4261176998391,	780.0,	549.8987341772151,	880
1096091350,	27734.57039642334,	752.5835059298552,	820.0,	550.0253164556962,	880
1097372332,	27765.98948097229,	751.3251553368697,	840.0,	552.8101265822785,	880
1098669008,	27796.62520956993,	754.1926398031827,	820.0,	560.0759493670886,	880
1099955503,	27827.462995767593,	751.7733758228644,	800.0,	554.3544303797469,	880
1101235696,	27859.18502020836,	757.596038240578,	840.0,	551.7215189873418,	880
1102505894,	27889.8750975132,	753.8364344165202,	760.0,	542.6835443037975,	880
1103783208,	27920.573527812958,	750.4527909748682,	760.0,	550.3291139240506,	880
1105068366,	27952.49126291275,	753.4075118773814,	780.0,	553.5696202531645,	960
1106345264,	27983.74611878395,	762.0667606896432,	840.0,	549.4683544303797,	880
1107655814,	28014.61412334442,	755.8600846206789,	780.0,	569.6708860759494,	900
1108962748,	28045.284672498703,	754.274076158611,	800.0,	564.0759493670886,	880
1110242077,	28075.97606277466,	761.84666854275,	840.0,	552.8354430379746,	880
1111501750,	28106.818098306656,	764.662001688475,	800.0,	543.0632911392405,	880
1112774601,	28137.555681228638,	761.1958015196275,	840.0,	547.4177215189874,	880
1114034915,	28168.277193307877,	757.0762213676647,	720.0,	544.4556962025316,	900
1115296153,	28198.889788627625,	757.3685992308983,	780.0,	543.1898734177215,	900
1116563092,	28229.46038365364,	753.6317393078085,	760.0,	547.873417721519,	900
1117836658,	28260.41451692581,	753.2685653770277,	800.0,	552.0253164556962,	880
1119098272,	28291.333230018616,	741.941708839325,	700.0,	544.4810126582279,	880
1120355657,	28322.146438121796,	727.7475379553924,	600.0,	542.9620253164557,	900
1121610236,	28352.87155342102,	724.9727841598532,	740.0,	541.1645569620254,	900
1122869047,	28383.928753376007,	726.4755057438679,	820.0,	541.4683544303797,	900
1124122347,	28414.706112861633,	731.8279551694811,	840.0,	536.6582278481013,	880
1125366832,	28445.690462827682,	740.645159652533,	820.0,	534.9367088607595,	900
1126619203,	28476.199822425842,	741.5806436872797,	780.0,	538.5316455696203,	880
1127889675,	28507.3776140213,	747.4225793185517,	820.0,	548.4303797468355,	880
1129156585,	28538.236957788467,	753.6803213866965,	820.0,	546.3544303797469,	880
1130436535,	28569.15041065216,	760.3122892480269,	820.0,	553.0632911392405,	880
1131707459,	28599.98449778557,	756.2810603232242,	820.0,	545.6962025316456,	880
1132992540,	28631.690390110016,	754.6529542909018,	740.0,	551.2151898734177,	900
1134270112,	28662.516763448715,	755.1876588618117,	760.0,	548.7848101265823,	880
1135548761,	28695.334478855133,	751.6688929756305,	780.0,	548.1772151898734,	1020
1136806496,	28726.241064071655,	744.5020036780675,	780.0,	538.4810126582279,	900
1138088036,	28757.012797117233,	750.0518033102608,	800.0,	547.3924050632911,	880
1139370555,	28787.828843593597,	738.0466229792347,	640.0,	548.3544303797469,	880
1140659722,	28818.703928232193,	740.2419606813112,	760.0,	553.2911392405064,	900
1141930075,	28849.45647406578,	745.2177646131801,	800.0,	545.5949367088608,	900
1143223123,	28880.40586400032,	752.695988151862,	820.0,	558.7088607594936,	880
1144497338,	28911.12811732292,	744.4263893366758,	840.0,	546.7848101265823,	880
1145760862,	28941.943740606308,	745.9837504030082,	820.0,	545.873417721519,	880
1147033972,	28972.76576733589,	742.3853753627075,	780.0,	552.1772151898734,	900
1148316340,	29003.659495830536,	748.1468378264367,	800.0,	555.4430379746835,	900
1149595684,	29035.228295326233,	755.332154043793,	820.0,	554.3544303797469,	900
1150874089,	29066.448319911957,	759.7989386394137,	800.0,	555.0886075949367,	880
1152137825,	29097.274868249893,	765.8190447754723,	820.0,	547.2151898734177,	1000
1153394041,	29128.230834007263,	769.2371402979251,	800.0,	544.506329113924,	900
1154670170,	29160.32236790657,	757.3134262681326,	820.0,	555.3164556962025,	920
1155933479,	29190.967012882233,	759.5820836413194,	800.0,	549.493670886076,	900
1157180800,	29221.745698451996,	756.6238752771875,	800.0,	538.0253164556962,	900
1158441580,	29252.56276154518,	748.9614877494687,	740.0,	544.4303797468355,	900
1159715071,	29284.342211961746,	751.0653389745219,	780.0,	554.0,	900
1160980615,	29315.21700501442,	754.9588050770697,	800.0,	548.4810126582279,	880
1162251389,	29345.92839741707,	759.4629245693627,	820.0,	551.4683544303797,	900
1163534941,	29376.42681288719,	750.5166321124265,	780.0,	556.1772151898734,	880
1164823130,	29407.826454877853,	739.4649689011839,	640.0,	559.4683544303797,	900
1166096581,	29439.253390073776,	745.5184720110655,	800.0,	552.0759493670886,	880
1167365678,	29470.08115506172,	745.966624809959,	840.0,	548.1772151898734,	880
1168629288,	29500.913005828857,	749.3699623289631,	800.0,	546.8101265822785,	880
1169892881,	29532.10826420784,	752.4329660960668,	840.0,	546.3037974683544,	880
1171157279,	29563.711457967758,	741.1896694864602,	800.0,	552.6075949367089,	920
1172406708,	29595.05658555031,	738.0707025378141,	820.0,	543.6962025316456,	980
1173673545,	29625.805212020874,	748.2636322840327,	840.0,	552.4556962025316,	900
1174942161,	29657.583193063736,	745.4372690556295,	820.0,	551.3924050632911,	880
1176200043,	29688.26090502739,	744.8935421500665,	780.0,	545.6708860759494,	900
1177461679,	29719.031351089478,	750.4041879350599,	800.0,	550.2278481012659,	900
1178712660,	29749.930893182755,	759.3637691415539,	860.0,	546.2784810126582,	900
1179975573,	29780.7679772377,	763.4273922273985,	800.0,	547.2405063291139,	900
1181227558,	29811.50369620323,	763.0846530046587,	800.0,	540.5822784810126,	900
1182481722,	29843.003390073776,	757.7761877041928,	820.0,	544.7848101265823,	900
1183729566,	29874.505313396454,	756.9985689337735,	840.0,	540.0506329113924,	900
1184977786,	29905.387316465378,	755.2987120403961,	780.0,	541.1139240506329,	900
1186223421,	29937.16201543808,	756.7688408363565,	800.0,	538.0759493670886,	900
1187461738,	29967.811557531357,	757.0919567527209,	760.0,	533.3164556962025,	900
1188700172,	29998.346623897552,	761.3827610774488,	800.0,	536.9113924050633,	880
1189936351,	30029.18695831299,	747.2444849697039,	620.0,	534.0506329113924,	880
1191169548,	30060.43266439438,	754.5200364727335,	820.0,	533.746835443038,	900
1192417438,	30091.490909814835,	755.0680328254601,	780.0,	539.367088607595,	880
1193669767,	30122.098371505737,	761.5612295429141,	820.0,	540.9113924050633,	900
1194920556,	30153.205212831497,	771.4051065886227,	860.0,	540.8860759493671,	900
1196182869,	30183.866525173187,	759.2645959297605,	840.0,	550.3291139240506,	900
1197440618,	30214.583075284958,	735.3381363367845,	520.0,	543.3417721518987,	880
1198686512,	30245.24919462204,	745.804322703106,	840.0,	540.6582278481013,	900
1199948406,	30276.088926553726,	755.2238904327954,	860.0,	548.3037974683544,	900
1201209981,	30306.772993326187,	760.7015013895159,	820.0,	549.873417721519,	900
1202469566,	30338.3581802845,	766.6313512505643,	820.0,	548.253164556962,	900
1203737233,	30369.10435128212,	772.9682161255079,	840.0,	549.5189873417721,	900
1205005384,	30399.92541217804,	775.671394512957,	820.0,	553.3924050632911,	900
1206265842,	30431.087055444717,	762.1042550616613,	680.0,	549.4683544303797,	880
1207530187,	30462.033079624176,	767.8938295554951,	840.0,	549.5949367088608,	900
1208790979,	30493.662392377853,	773.1044465999456,	820.0,	546.9367088607595,	900
1210033510,	30524.42986559868,	772.794001939951,	800.0,	536.506329113924,	900
1211277046,	30556.340274333954,	777.5146017459559,	840.0,	536.8860759493671,	880
1212532928,	30587.16445374489,	781.7631415713604,	820.0,	546.8101265822785,	900
1213799212,	30617.966181516647,	786.5868274142243,	860.0,	551.8227848101266,	900
1215066981,	30648.90214061737,	788.9281446728019,	820.0,	552.6582278481013,	900
1216335114,	30679.762373685837,	792.0353302055216,	840.0,	551.1645569620254,	900
1217592380,	30711.673016309738,	790.8317971849694,	780.0,	545.0379746835443,	900
1218862409,	30742.811904907227,	797.7486174664725,	860.0,	551.873417721519,	900
1220131335,	30773.469345092773,	795.9737557198252,	800.0,	552.8607594936709,	900
1221407571,	30804.557384729385,	790.3763801478427,	840.0,	553.7215189873418,	900
1222692871,	30835.419135332108,	791.3387421330584,	800.0,	560.2025316455696,	900
1223983752,	30866.34411406517,	795.2048679197526,	840.0,	566.506329113924,	900
1225288473,	30897.279211997986,	796.6843811277773,	820.0,	573.5949367088608,	880
1226584121,	30928.185025930405,	781.0159430149996,	640.0,	565.8987341772151,	880
1227878047,	30958.999959230423,	787.9143487134996,	880.0,	565.746835443038,	900
1229179107,	30990.54479289055,	775.1229138421497,	840.0,	569.5696202531645,	900
1230491284,	31021.549093723297,	779.6106224579347,	820.0,	572.6582278481013,	880
1231779426,	31054.000162363052,	785.6495602121413,	860.0,	565.2151898734177,	900
1233073809,	31085.36067175865,	790.0846041909272,	840.0,	567.8987341772151,	900
1234365871,	31116.300069093704,	793.0761437718345,	840.0,	566.2025316455696,	880
1235674671,	31147.491342544556,	797.7685293946511,	840.0,	574.8860759493671,	900
1236973652,	31178.407633781433,	802.9916764551859,	860.0,	568.4050632911392,	880
1238289438,	31209.451538085938,	799.6925088096673,	800.0,	575.7974683544304,	900
1239597602,	31240.41009759903,	799.7232579287006,	800.0,	573.3417721518987,	900
1240903048,	31271.229622364044,	802.7509321358306,	840.0,	572.8101265822785,	900
1242193890,	31302.070266485214,	806.4758389222475,	860.0,	564.126582278481,	900
1243480611,	31334.139833688736,	805.8282550300228,	800.0,	558.3544303797469,	880
1244762170,	31365.24741435051,	806.2454295270205,	820.0,	556.7594936708861,	880
1246057516,	31396.0841217041,	800.6208865743184,	840.0,	566.5569620253165,	880
1247344968,	31426.90779352188,	804.5587979168865,	860.0,	564.506329113924,	900
1248623804,	31457.81714630127,	806.1029181251979,	820.0,	559.3924050632911,	900
1249910780,	31489.16122698784,	807.4926263126781,	860.0,	561.493670886076,	880
1251183182,	31519.995506048203,	807.7433636814103,	820.0,	556.5569620253165,	900
1252450218,	31551.01605820656,	802.9690273132693,	840.0,	557.9493670886076,	1760
1253705265,	31581.891099452972,	792.6721245819424,	820.0,	550.4556962025316,	900
1254974383,	31613.170288801193,	790.4049121237482,	820.0,	557.1392405063291,	880
1256229506,	31644.141987800598,	765.3644209113734,	540.0,	548.379746835443,	880
1257482868,	31674.996155500412,	764.827978820236,	820.0,	548.1772151898734,	900
1258738321,	31707.25045275688,	751.3451809382124,	680.0,	550.6582278481013,	900
1260000513,	31738.403985261917,	756.2106628443911,	800.0,	552.4810126582279,	880
1261253104,	31769.122054100037,	754.589596559952,	840.0,	545.6455696202531,	900
1262509059,	31801.143846988678,	753.1306369039569,	820.0,	550.9113924050633,	900
1263766236,	31832.004554986954,	758.8175732135612,	820.0,	552.6075949367089,	880
1265033325,	31863.010965824127,	768.9358158922051,	880.0,	556.7088607594936,	880
1266300138,	31893.91468834877,	763.0422343029846,	740.0,	555.8987341772151,	900
1267567213,	31924.850734472275,	762.7380108726861,	760.0,	555.7974683544304,	900
1268822310,	31955.733333349228,	766.4642097854176,	820.0,	546.1012658227849,	900
1270082199,	31986.64847111702,	767.8177888068758,	780.0,	552.5569620253165,	900
1271344525,	32017.433837652206,	761.0360099261882,	820.0,	554.5822784810126,	920
1272625549,	32048.3212082386,	768.9324089335694,	840.0,	563.2658227848101,	900
1273883766,	32079.16094660759,	775.0391680402124,	860.0,	552.126582278481,	880
1275148049,	32110.042514801025,	761.5352512361911,	640.0,	554.9113924050633,	880
1276399967,	32141.361174345016,	758.381726112572,	800.0,	547.8227848101266,	900
1277657617,	32172.15431714058,	757.5435535013148,	780.0,	550.8101265822785,	900
1278919471,	32202.919759750366,	765.7891981511833,	860.0,	553.2658227848101,	880
1280167665,	32233.721465587616,	757.210278336065,	680.0,	548.5822784810126,	880
1281419198,	32264.6994433403,	756.4892505024585,	840.0,	550.0253164556962,	900
1282690532,	32296.954835176468,	762.8403254522127,	820.0,	559.0379746835443,	900
1283943547,	32327.79282927513,	766.5562929069914,	800.0,	550.1518987341772,	880
1285200240,	32359.117689609528,	770.9006636162923,	820.0,	551.9240506329114,	880
1286463193,	32390.45321536064,	761.810597254663,	680.0,	554.2784810126582,	900
1287733580,	32421.338384628296,	769.6295375291967,	840.0,	560.4810126582279,	900
1288994110,	32452.47836947441,	770.666583776277,	800.0,	554.126582278481,	880
1290253076,	32483.214097976685,	771.5999253986492,	840.0,	552.506329113924,	880
1291498371,	32513.950095176697,	776.4399328587843,	820.0,	544.4303797468355,	900
1292740292,	32544.662621974945,	778.7959395729059,	820.0,	543.2151898734177,	880
1293986028,	32575.81490802765,	783.9163456156153,	840.0,	545.7721518987341,	880
1295222741,	32607.36976480484,	782.5247110540538,	780.0,	541.5696202531645,	900
1296459193,	32638.18035054207,	777.2722399486485,	820.0,	543.9493670886076,	880
1297699861,	32669.014804840088,	771.5450159537836,	800.0,	543.6708860759494,	880
1298944928,	32700.26608800888,	777.3905143584052,	840.0,	545.367088607595,	900
1300177367,	32731.071360111237,	779.6514629225646,	800.0,	540.6835443037975,	900
1301416376,	32761.703919410706,	783.6863166303082,	820.0,	542.3037974683544,	880
1302671868,	32792.66164326668,	788.3176849672774,	860.0,	552.8860759493671,	900
1303920515,	32823.49419951439,	792.4859164705497,	860.0,	547.8227848101266,	880
1305156362,	32854.21090507507,	792.2373248234948,	840.0,	543.5443037974684,	880
1306405550,	32885.07083654404,	795.0135923411453,	820.0,	551.1898734177215,	880
1307664789,	32915.88584256172,	798.5122331070309,	840.0,	556.7341772151899,	900
1308899120,	32947.15920853615,	804.6610097963278,	860.0,	540.9873417721519,	880
1310144805,	32978.202265024185,	810.194908816695,	860.0,	548.4810126582279,	900
1311398776,	33009.05140209198,	810.1754179350255,	820.0,	552.506329113924,	880
1312640267,	33039.87083363533,	812.1578761415229,	840.0,	549.7721518987341,	880
1313897998,	33071.33295369148,	811.9420885273706,	840.0,	555.1645569620254,	920
1315137419,	33102.56340289116,	814.7478796746336,	880.0,	545.9240506329114,	880
1316370232,	33133.31687951088,	815.2730917071702,	840.0,	545.4683544303797,	880
1317625831,	33164.0270011425,	816.7457825364532,	840.0,	555.620253164557,	900
1318880382,	33194.921416282654,	815.0712042828079,	800.0,	553.2911392405064,	880
1320136839,	33226.75225901604,	815.5640838545271,	820.0,	554.6582278481013,	880
1321395260,	33257.72020792961,	817.0076754690743,	860.0,	555.3164556962025,	880
1322671779,	33288.55588245392,	820.3069079221669,	880.0,	566.253164556962,	880
1323938514,	33319.48051905632,	817.2762171299503,	800.0,	559.6455696202531,	900
1325207765,	33350.6979675293,	821.5485954169552,	860.0,	560.7088607594936,	880
1326468019,	33382.51076722145,	810.3937358752597,	760.0,	556.4303797468355,	880
1327742838,	33413.22858595848,	792.3543622877337,	660.0,	561.9746835443038,	880
1329007428,	33445.57062005997,	795.1189260589604,	860.0,	559.5189873417721,	880
1330271228,	33476.542356967926,	797.6070334530643,	820.0,	557.7215189873418,	900
1331531637,	33507.348687410355,	798.8463301077579,	840.0,	556.6075949367089,	880
1332796079,	33537.983572244644,	801.9616970969821,	860.0,	560.5822784810126,	900
1334067440,	33568.64721632004,	801.7655273872839,	800.0,	560.8860759493671,	880
1335357883,	33599.78667664528,	799.5889746485554,	840.0,	570.8607594936709,	880
1336641992,	33630.558921813965,	802.6300771836999,	840.0,	569.2911392405064,	880
1337896243,	33661.78628373146,	800.3670694653299,	800.0,	552.6075949367089,	880
1339183303,	33693.6706161499,	799.330362518797,	820.0,	567.9746835443038,	880
1340451084,	33724.57640337944,	799.3973262669173,	820.0,	561.2405063291139,	900
1341722745,	33756.367847919464,	798.4575936402256,	800.0,	562.8101265822785,	880
1343002121,	33787.12632703781,	790.611834276203,	800.0,	567.3924050632911,	900
1344281761,	33817.87294435501,	792.5506508485827,	860.0,	565.3417721518987,	880
1345563716,	33848.81316661835,	794.2955857637244,	820.0,	570.6582278481013,	900
1346850527,	33879.66131401062,	795.866027187352,	820.0,	574.7341772151899,	900
1348124969,	33910.839336156845,	800.2794244686168,	860.0,	564.4303797468355,	900
1349404728,	33942.2529463768,	795.2514820217551,	820.0,	568.0,	900
1350672557,	33973.07593417168,	790.7263338195796,	820.0,	562.7341772151899,	900
1351953470,	34004.03490161896,	793.6537004376216,	820.0,	569.9746835443038,	900
1353234180,	34034.669043302536,	796.2883303938595,	820.0,	571.5696202531645,	900
1354518546,	34065.49625301361,	800.6594973544735,	840.0,	571.493670886076,	880
1355794900,	34097.21150922775,	802.5935476190261,	820.0,	567.493670886076,	900
1357075597,	34127.94156718254,	784.3341928571235,	620.0,	569.0379746835443,	920
1358359484,	34159.12090802193,	782.9007735714112,	800.0,	570.253164556962,	880
1359650874,	34190.31234574318,	762.6106962142701,	660.0,	576.0,	900
1360939356,	34221.79725646973,	752.349626592843,	660.0,	573.620253164557,	880
1362231725,	34252.65211939812,	761.1146639335587,	840.0,	578.2025316455696,	900
1363517343,	34283.18878054619,	758.0031975402029,	820.0,	574.3291139240506,	880
1364789365,	34314.48020744324,	767.2028777861826,	860.0,	568.9873417721519,	900
1366062475,	34345.70671534538,	765.4825900075643,	840.0,	566.5316455696203,	900
1367338869,	34376.845713377,	762.934331006808,	860.0,	568.3544303797469,	900
1368600418,	34407.91307973862,	770.6408979061272,	860.0,	563.620253164557,	900
1369893111,	34439.02194905281,	775.5768081155145,	820.0,	577.3417721518987,	960
1371188666,	34469.940638542175,	773.019127303963,	780.0,	580.4303797468355,	900
1372484867,	34501.4399895668,	771.7172145735667,	760.0,	581.7215189873418,	920
1373773026,	34533.86185002327,	776.5454931162101,	820.0,	577.0379746835443,	880
1375046427,	34566.38265776634,	780.890943804589,	820.0,	569.2405063291139,	900
1376292430,	34597.8496131897,	782.8018494241301,	800.0,	553.1898734177215,	900
1377557635,	34629.93136334419,	788.521664481717,	840.0,	563.8987341772151,	900
1378827770,	34661.03200984001,	795.6694980335453,	860.0,	567.1645569620254,	900
1380118292,	34692.08455944061,	802.1025482301908,	860.0,	577.3164556962025,	900
1381410950,	34723.53518772125,	795.8922934071717,	860.0,	576.4810126582279,	900
1382679820,	34754.55189013481,	800.3030640664545,	840.0,	568.2278481012659,	900
1383945329,	34786.7669711113,	801.272757659809,	820.0,	564.5569620253165,	900
1385198399,	34818.37802028656,	803.1454818938281,	820.0,	557.8987341772151,	900
1386466947,	34849.36391019821,	807.8309337044453,	860.0,	565.7215189873418,	900
1387733175,	34880.28697395325,	812.0478403340007,	860.0,	563.7974683544304,	900
1389009513,	34911.01872944832,	802.8430563006007,	720.0,	568.8354430379746,	900
1390314181,	34942.185358047485,	810.5587506705406,	880.0,	584.0759493670886,	900
1391591590,	34973.04293894768,	809.5028756034865,	840.0,	568.7848101265823,	900
1392902462,	35004.00334095955,	813.5525880431378,	880.0,	582.2278481012659,	920
1394223901,	35035.43482089043,	810.1973292388241,	780.0,	587.1898734177215,	920
1395532510,	35066.47949695587,	793.1775963149416,	640.0,	582.4556962025316,	900
1396866943,	35097.36579179764,	799.8598366834475,	860.0,	594.3037974683544,	900
1398179925,	35128.42208266258,	794.8738530151028,	840.0,	584.4303797468355,	920
1399509626,	35160.09439373016,	798.3864677135925,	840.0,	594.2784810126582,	900
1400833273,	35191.03165411949,	804.5478209422333,	880.0,	591.367088607595,	900
1402162872,	35222.8217086792,	809.09303884801,	860.0,	592.1772151898734,	920
1403481626,	35253.93797659874,	806.183734963209,	780.0,	586.9367088607595,	900
1404813263,	35284.97589850426,	809.565361466888,	840.0,	588.8101265822785,	900
1406150078,	35315.95099925995,	811.6088253201992,	840.0,	595.746835443038,	920
1407490368,	35346.84933304787,	811.4479427881793,	820.0,	596.1772151898734,	900
1408819259,	35377.91696548462,	784.3031485093613,	540.0,	590.4810126582279,	920
1410161956,	35408.756632089615,	788.8728336584252,	840.0,	597.0379746835443,	900
1411494328,	35440.5932662487,	797.9855502925826,	880.0,	592.0759493670886,	900
1412837773,	35471.53869152069,	798.1869952633243,	800.0,	597.1139240506329,	900
1414181737,	35502.45366358757,	801.3682957369919,	840.0,	596.8607594936709,	900
1415529104,	35533.5527510643,	801.2314661632927,	800.0,	598.9367088607595,	900
1416887681,	35564.331757068634,	801.1083195469635,	800.0,	604.3037974683544,	920
1418228334,	35595.162504673004,	792.9974875922671,	720.0,	595.746835443038,	920
1419565845,	35626.076572179794,	793.6977388330404,	800.0,	595.7215189873418,	920
1420906880,	35656.87298369408,	800.3279649497364,	860.0,	599.2658227848101,	900
1422252147,	35688.01354455948,	802.2951684547627,	840.0,	598.2025316455696,	920
1423600799,	35719.143100976944,	803.0656516092864,	820.0,	602.7088607594936,	920
1424957730,	35750.12797522545,	786.7590864483577,	640.0,	604.5822784810126,	960
1426314123,	35782.25174307823,	790.083177803522,	820.0,	602.0253164556962,	920
1427647935,	35814.15016794205,	791.0748600231698,	800.0,	589.0632911392405,	960
1428987308,	35844.733108997345,	794.9673740208528,	860.0,	593.2151898734177,	940
1430313200,	35875.91366100311,	788.4706366187676,	800.0,	587.8987341772151,	940
1431656830,	35906.73610830307,	793.6235729568908,	880.0,	594.9873417721519,	920
