402877,	71.03599214553833,	7.0,	80.0,	75.21518987341773,	420
826033,	82.8667163848877,	12.299999999999997,	80.0,	84.43037974683544,	360
1255672,	95.77598190307617,	14.069999999999997,	60.0,	89.29113924050633,	380
1706741,	109.99318361282349,	22.662999999999997,	120.0,	105.39240506329114,	420
2169764,	123.41106820106506,	37.39670000000001,	240.0,	113.44303797468355,	440
2662753,	138.22909545898438,	44.657030000000006,	140.0,	131.16455696202533,	460
3192810,	152.8208122253418,	64.191327,	320.0,	153.79746835443038,	480
3744287,	167.2002091407776,	78.7721943,	240.0,	163.16455696202533,	500
4310989,	184.8232545852661,	97.89497487,	380.0,	175.56962025316454,	720
4856027,	200.71253776550293,	111.105477383,	260.0,	163.1139240506329,	460
5427086,	217.38169407844543,	117.9949296447,	240.0,	180.86075949367088,	580
5986779,	233.48080348968506,	150.19543668023,	440.0,	169.49367088607596,	580
6549891,	251.5529179573059,	160.17589301220698,	320.0,	171.67088607594937,	640
7140558,	270.77222442626953,	164.15830371098627,	260.0,	191.44303797468353,	640
7748098,	288.08047127723694,	180.74247333988765,	400.0,	196.48101265822785,	660
8380636,	306.35431361198425,	200.66822600589887,	380.0,	212.0759493670886,	720
9035729,	327.22999596595764,	210.601403405309,	300.0,	221.0126582278481,	700
9722918,	346.0868270397186,	222.5412630647781,	380.0,	237.8227848101266,	780
10378468,	364.7476370334625,	242.28713675830028,	560.0,	222.37974683544303,	660
11019023,	383.88132882118225,	258.05842308247026,	400.0,	212.83544303797467,	660
11668829,	403.4850423336029,	250.25258077422325,	180.0,	220.0,	720
12353667,	424.6256923675537,	269.2273226968009,	500.0,	236.68354430379748,	660
13025926,	445.37974643707275,	282.30459042712084,	400.0,	230.58227848101265,	720
13688060,	465.5308213233948,	300.07413138440876,	540.0,	225.31645569620252,	740
14389143,	486.3266282081604,	299.0667182459679,	320.0,	242.1012658227848,	760
15088853,	508.2255916595459,	299.1600464213711,	380.0,	245.77215189873417,	760
15772394,	528.7385628223419,	310.24404177923395,	420.0,	238.68354430379748,	1160
16457025,	549.091206073761,	331.2196376013105,	520.0,	239.77215189873417,	700
17150013,	569.831668138504,	353.09767384117947,	740.0,	243.67088607594937,	760
17829076,	590.7371728420258,	352.7879064570615,	380.0,	241.39240506329114,	660
18500139,	609.6698729991913,	346.5091158113554,	320.0,	234.73417721518987,	620
19209600,	630.3207159042358,	334.8582042302199,	340.0,	252.45569620253164,	720
19884550,	649.7664234638214,	331.3723838071979,	340.0,	234.9367088607595,	760
20584553,	672.202597618103,	342.2351454264781,	440.0,	250.78481012658227,	720
21278731,	692.917947769165,	335.01163088383026,	360.0,	244.40506329113924,	840
21968548,	712.8427543640137,	333.51046779544725,	500.0,	241.9493670886076,	800
22645945,	734.262903213501,	333.1594210159025,	360.0,	238.50632911392404,	700
23347461,	756.2261946201324,	329.8434789143123,	320.0,	243.44303797468353,	820
24099891,	777.3084714412689,	357.85913102288106,	680.0,	270.88607594936707,	820
24841689,	800.3235828876495,	383.0732179205929,	740.0,	264.8354430379747,	760
25583922,	823.1074876785278,	380.76589612853365,	440.0,	268.9620253164557,	720
26348952,	845.0866301059723,	394.6893065156803,	520.0,	280.73417721518985,	760
27136552,	868.6100172996521,	407.22037586411227,	560.0,	292.0506329113924,	740
27953835,	892.26185131073,	422.498338277701,	560.0,	304.9113924050633,	760
28776936,	914.635395526886,	431.2485044499309,	580.0,	309.3164556962025,	780
29606607,	937.8448629379272,	436.1236540049378,	500.0,	311.72151898734177,	800
30447969,	962.2642779350281,	443.511288604444,	600.0,	319.0379746835443,	760
31263935,	985.2995898723602,	428.16015974399966,	440.0,	303.26582278481015,	760
32111643,	1010.5944001674652,	429.34414376959967,	460.0,	321.9493670886076,	1000
32948850,	1035.2048449516296,	434.4097293926397,	540.0,	314.1012658227848,	800
33776379,	1059.2471005916595,	451.9687564533757,	700.0,	310.45569620253167,	760
34579023,	1082.1912517547607,	434.77188080803813,	400.0,	296.55696202531647,	720
35416002,	1104.6967628002167,	407.2946927272343,	160.0,	314.9873417721519,	740
36286141,	1129.0662741661072,	432.56522345451083,	660.0,	327.2151898734177,	780
37144845,	1151.5849750041962,	446.3087011090597,	680.0,	323.1645569620253,	780
38000989,	1175.6631662845612,	453.67783099815375,	580.0,	323.3164556962025,	740
38874594,	1199.776790380478,	446.3100478983384,	380.0,	332.40506329113924,	800
39768695,	1221.8382668495178,	464.6790431085045,	640.0,	344.7848101265823,	760
40655770,	1247.008112192154,	480.21113879765403,	620.0,	339.0126582278481,	740
41537848,	1270.5252435207367,	474.19002491788865,	520.0,	336.0759493670886,	740
42426887,	1294.2503843307495,	472.77102242609976,	460.0,	335.49367088607596,	740
43281172,	1316.098040819168,	465.49392018348976,	460.0,	323.7721518987342,	820
44175658,	1340.1265325546265,	482.9445281651408,	640.0,	337.9493670886076,	740
45069711,	1363.9904117584229,	476.65007534862673,	460.0,	338.0506329113924,	720
45989124,	1387.2381801605225,	480.98506781376403,	520.0,	351.59493670886076,	720
46903439,	1410.885068655014,	461.88656103238765,	320.0,	350.9620253164557,	780
47846929,	1435.6319975852966,	451.6979049291489,	380.0,	364.0759493670886,	800
48775392,	1460.1595814228058,	444.528114436234,	500.0,	356.0253164556962,	740
49704756,	1482.6023623943329,	458.07530299261055,	580.0,	356.88607594936707,	820
50665659,	1506.7923970222473,	441.26777269334946,	460.0,	368.6835443037975,	800
51635922,	1531.3436443805695,	444.14099542401453,	560.0,	372.8101265822785,	760
52589131,	1555.9123365879059,	465.7268958816131,	660.0,	365.1898734177215,	760
53569275,	1581.6493165493011,	484.15420629345175,	700.0,	379.746835443038,	800
54583558,	1606.5875673294067,	483.73878566410656,	480.0,	391.9493670886076,	760
55629477,	1633.1783783435822,	499.3649070976959,	660.0,	408.1518987341772,	780
56671747,	1658.0089747905731,	513.4284163879263,	700.0,	404.63291139240505,	780
57680564,	1684.2590990066528,	522.0855747491337,	600.0,	387.36708860759495,	800
58687331,	1709.0442306995392,	511.8770172742203,	420.0,	387.46835443037975,	820
59745756,	1733.7704281806946,	514.6893155467983,	560.0,	409.34177215189874,	780
60816522,	1758.7242033481598,	505.22038399211846,	420.0,	416.0759493670886,	800
61889865,	1784.1238405704498,	520.6983455929067,	660.0,	419.69620253164555,	820
62899154,	1808.6067245006561,	520.628511033616,	600.0,	389.2151898734177,	800
63873097,	1832.396708726883,	530.5656599302544,	740.0,	375.5189873417722,	800
64891238,	1859.00736618042,	545.509093937229,	680.0,	394.37974683544303,	800
65901461,	1885.1309871673584,	558.958184543506,	680.0,	395.0886075949367,	820
66881264,	1910.4157767295837,	540.0623660891554,	400.0,	381.0126582278481,	800
67895704,	1935.3597691059113,	516.0561294802399,	300.0,	397.39240506329116,	800
68936244,	1961.7586581707,	518.4505165322158,	680.0,	410.7088607594937,	820
69975958,	1986.3656809329987,	515.6054648789942,	540.0,	408.9367088607595,	780
71017115,	2011.9278182983398,	506.0449183910948,	420.0,	410.1012658227848,	780
72047215,	2037.4180252552032,	509.44042655198535,	560.0,	405.62025316455697,	800
73056448,	2062.5310633182526,	515.4963838967868,	640.0,	394.63291139240505,	800
74055795,	2088.6294445991516,	534.9467455071082,	740.0,	390.8354430379747,	820
75078022,	2114.5783030986786,	537.4520709563974,	560.0,	396.73417721518985,	800
76082413,	2140.5125601291656,	511.70686386075766,	280.0,	387.26582278481015,	940
77096009,	2166.982711315155,	514.536177474682,	540.0,	390.17721518987344,	800
78124438,	2193.310088634491,	520.0825597272137,	620.0,	397.2911392405063,	820
79175874,	2221.5076184272766,	524.0743037544923,	680.0,	410.126582278481,	800
80239399,	2248.0028302669525,	536.6668733790431,	740.0,	415.49367088607596,	840
81306630,	2273.7645285129547,	511.00018604113876,	280.0,	420.7848101265823,	840
82373723,	2300.7686693668365,	516.9001674370248,	640.0,	419.746835443038,	800
83433119,	2326.6561934947968,	517.2101506933224,	580.0,	417.5189873417722,	880
84494405,	2354.4981706142426,	495.48913562399014,	440.0,	416.8101265822785,	780
85580075,	2382.484869480133,	493.9402220615911,	480.0,	425.1898734177215,	800
86697611,	2409.4755029678345,	507.546199855432,	640.0,	441.1898734177215,	800
87606616,	2437.837643146515,	494.7915798698888,	380.0,	333.67088607594934,	800
88477110,	2464.6867570877075,	489.3124218828999,	440.0,	316.2025316455696,	800
89342954,	2492.331570148468,	482.3811796946099,	420.0,	316.53164556962025,	820
90256773,	2520.1413135528564,	486.1430617251489,	520.0,	338.55696202531647,	800
91206291,	2546.9337029457092,	506.52875555263404,	780.0,	351.8987341772152,	840
92136835,	2574.3177502155304,	521.8758799973706,	680.0,	343.26582278481015,	820
93093273,	2601.740293741226,	521.6882919976335,	640.0,	358.1518987341772,	820
94043200,	2629.9606397151947,	529.5194627978702,	680.0,	351.26582278481015,	800
94993955,	2656.781789779663,	547.5675165180833,	740.0,	350.2025316455696,	800
95932188,	2684.010356426239,	551.8107648662749,	620.0,	347.9240506329114,	780
96844241,	2712.2427172660828,	541.6296883796474,	520.0,	333.1898734177215,	800
97762977,	2740.1731650829315,	524.4667195416827,	620.0,	338.40506329113924,	800
98736119,	2767.824235677719,	531.0200475875145,	600.0,	366.7088607594937,	800
99692583,	2795.4628133773804,	530.918042828763,	560.0,	360.253164556962,	800
100637410,	2822.7707772254944,	524.8262385458867,	580.0,	355.1645569620253,	820
101572223,	2849.933137655258,	528.343614691298,	560.0,	348.4810126582278,	780
102494961,	2876.977802991867,	517.5092532221681,	420.0,	344.55696202531647,	800
103424294,	2904.489536523819,	524.7583278999513,	600.0,	350.2025316455696,	820
104366909,	2930.544492006302,	536.2824951099561,	760.0,	357.49367088607596,	800
105293812,	2957.5279211997986,	546.6542455989605,	740.0,	349.3164556962025,	780
106253549,	2984.6943230628967,	549.9888210390645,	600.0,	364.253164556962,	820
107214649,	3011.68883728981,	542.9899389351581,	520.0,	358.73417721518985,	800
108194881,	3039.349020719528,	545.6909450416423,	580.0,	368.75949367088606,	800
109155013,	3067.2854375839233,	557.121850537478,	660.0,	359.72151898734177,	840
110138201,	3094.9872496128082,	548.4096654837302,	540.0,	369.5189873417722,	820
111112142,	3122.3930666446686,	548.5686989353572,	640.0,	364.40506329113924,	800
112073094,	3150.394677877426,	562.7118290418215,	720.0,	358.50632911392404,	800
113001956,	3178.560822248459,	562.4406461376393,	560.0,	344.53164556962025,	820
113913911,	3205.959836959839,	551.1965815238754,	540.0,	337.6455696202532,	800
114851012,	3233.6433544158936,	556.0769233714879,	600.0,	348.5822784810127,	800
115813606,	3261.658681154251,	546.469231034339,	480.0,	358.40506329113924,	800
116778709,	3290.48574757576,	547.8223079309051,	680.0,	360.32911392405066,	820
117784491,	3318.414454460144,	540.0400771378146,	520.0,	380.5822784810127,	820
118745848,	3346.070661306381,	551.0360694240331,	720.0,	357.5189873417722,	840
119716974,	3374.580762386322,	542.9324624816298,	540.0,	362.73417721518985,	800
120732561,	3403.069680452347,	555.6392162334669,	740.0,	388.0506329113924,	820
121750764,	3431.1731073856354,	557.0752946101202,	580.0,	393.46835443037975,	820
122737564,	3458.7098643779755,	553.3677651491082,	520.0,	375.8987341772152,	820
123728771,	3486.900473833084,	552.0309886341973,	680.0,	378.4810126582278,	840
124742327,	3514.954581260681,	535.8278897707776,	600.0,	391.59493670886076,	820
125771912,	3543.833806991577,	526.2451007936999,	440.0,	398.1012658227848,	840
126748217,	3572.2081615924835,	503.62059071432986,	300.0,	373.54430379746833,	780
127738553,	3601.5912890434265,	489.25853164289686,	360.0,	382.2278481012658,	820
128722263,	3629.5540165901184,	497.33267847860714,	600.0,	381.1898734177215,	800
129735634,	3657.2086865901947,	501.59941063074643,	540.0,	390.37974683544303,	840
130765316,	3686.2830770015717,	505.4394695676718,	540.0,	401.54430379746833,	800
131829832,	3714.3400840759277,	523.8955226109047,	740.0,	418.7848101265823,	820
132848504,	3742.6685597896576,	524.5059703498142,	660.0,	395.2911392405063,	780
133873856,	3770.853198289871,	510.05537331483276,	380.0,	400.2025316455696,	840
134905836,	3799.783348083496,	517.0498359833495,	580.0,	404.0759493670886,	820
135923474,	3828.5098016262054,	498.3448523850145,	400.0,	394.8101265822785,	840
136960453,	3858.086635828018,	492.5103671465131,	440.0,	402.126582278481,	800
138030198,	3887.071868419647,	515.2593304318618,	720.0,	417.62025316455697,	800
139064245,	3915.433044195175,	521.7333973886756,	720.0,	398.9113924050633,	820
140085016,	3944.183867931366,	538.5600576498081,	760.0,	390.253164556962,	800
141114579,	3973.190098762512,	535.7040518848273,	540.0,	396.40506329113924,	820
142161508,	4002.997222661972,	533.1336466963446,	540.0,	403.746835443038,	820
143174838,	4031.750325679779,	513.8202820267102,	340.0,	389.34177215189874,	820
144191456,	4060.7680518627167,	523.4382538240392,	760.0,	388.9873417721519,	840
145230616,	4090.338807821274,	540.0944284416353,	760.0,	404.30379746835445,	840
146259944,	4119.060996055603,	535.0849855974717,	540.0,	396.27848101265823,	800
147288427,	4148.172912359238,	546.5764870377245,	720.0,	403.0886075949367,	860
148353945,	4177.614318370819,	527.9188383339521,	420.0,	421.82278481012656,	840
149413034,	4206.608160972595,	533.1269545005568,	720.0,	417.0632911392405,	820
150492038,	4235.943831443787,	532.8142590505012,	580.0,	424.8354430379747,	860
151547295,	4265.4136526584625,	531.532833145451,	520.0,	410.8607594936709,	820
152624161,	4294.675438404083,	531.379549830906,	540.0,	425.62025316455697,	840
153684270,	4324.213705539703,	525.2415948478153,	520.0,	415.0632911392405,	820
154761099,	4353.372257471085,	531.7174353630338,	620.0,	423.873417721519,	840
155832281,	4382.609175920486,	531.5456918267305,	600.0,	420.63291139240505,	820
156885845,	4411.054698467255,	533.3911226440574,	660.0,	415.2911392405063,	820
157973217,	4440.163922548294,	533.0520103796516,	580.0,	430.7848101265823,	800
159088724,	4469.131831407547,	533.7468093416865,	620.0,	443.5189873417722,	820
160205697,	4498.927545070648,	533.3721284075178,	540.0,	445.3164556962025,	1000
161311478,	4528.190005064011,	529.034915566766,	620.0,	441.44303797468353,	840
162436987,	4557.901479244232,	534.1314240100894,	580.0,	451.0632911392405,	820
163541697,	4586.927951335907,	540.7182816090805,	740.0,	440.9620253164557,	820
164677095,	4617.893092393875,	557.6464534481725,	740.0,	453.44303797468353,	840
165778945,	4645.921182870865,	555.8818081033552,	600.0,	439.54430379746833,	880
166868681,	4675.405399560928,	548.2936272930197,	560.0,	434.65822784810126,	820
167949775,	4704.851814508438,	529.4642645637177,	360.0,	431.67088607594934,	820
169046950,	4734.308995485306,	535.5178381073459,	680.0,	435.7974683544304,	860
170183085,	4763.703962087631,	528.9660542966113,	600.0,	453.54430379746833,	820
171320138,	4792.929378271103,	522.0694488669502,	560.0,	457.82278481012656,	840
172441937,	4823.113873958588,	509.8625039802552,	400.0,	446.32911392405066,	820
173447590,	4851.609992980957,	524.8762535822297,	700.0,	377.44303797468353,	840
174456501,	4882.038153886795,	530.3886282240067,	580.0,	384.88607594936707,	860
175502485,	4910.87255191803,	546.349765401606,	740.0,	404.7088607594937,	840
176569579,	4940.564527988434,	563.7147888614454,	780.0,	416.53164556962025,	840
177640730,	4970.659813642502,	567.3433099753008,	600.0,	421.7721518987342,	860
178697800,	5000.198684930801,	580.6089789777708,	700.0,	411.0379746835443,	840
179744810,	5029.990526914597,	574.5480810799937,	520.0,	405.7721518987342,	860
180817714,	5060.136426687241,	576.0932729719943,	620.0,	419.0632911392405,	840
181904263,	5090.056524515152,	578.4839456747949,	760.0,	427.54430379746833,	860
182969433,	5119.79020524025,	583.6355511073155,	740.0,	417.36708860759495,	840
184025376,	5149.243844985962,	603.2719959965839,	780.0,	408.5822784810127,	860
185076236,	5178.508505344391,	614.9447963969255,	720.0,	412.50632911392404,	820
186125553,	5208.071484327316,	614.4503167572329,	620.0,	408.0759493670886,	820
187160957,	5236.900384187698,	625.0052850815097,	720.0,	400.8101265822785,	860
188207004,	5266.4423904418945,	615.5047565733587,	620.0,	406.4810126582278,	840
189237353,	5295.3332669734955,	608.9542809160229,	580.0,	398.1012658227848,	880
190277300,	5324.961212396622,	616.0588528244206,	680.0,	405.0126582278481,	840
191327877,	5354.435200214386,	610.4529675419785,	560.0,	412.9620253164557,	820
192393178,	5383.942418336868,	618.4076707877807,	780.0,	416.43037974683546,	820
193469573,	5413.304856538773,	620.5669037090026,	720.0,	423.3164556962025,	860
194539908,	5442.9539675712585,	608.5102133381024,	640.0,	422.126582278481,	840
195586184,	5472.38867688179,	599.6591920042922,	520.0,	404.50632911392404,	820
196649121,	5501.726761102676,	612.693272803863,	740.0,	411.62025316455697,	840
197710534,	5531.567412137985,	601.4239455234767,	500.0,	411.873417721519,	820
198754927,	5560.825758218765,	592.281550971129,	600.0,	403.1898734177215,	880
199807186,	5590.389801263809,	601.0533958740161,	760.0,	413.34177215189874,	800
200850743,	5619.613597869873,	602.9480562866145,	780.0,	409.44303797468353,	820
201891588,	5648.724754810333,	581.6532506579531,	500.0,	407.56962025316454,	840
202930982,	5678.306353569031,	555.4879255921578,	320.0,	406.0506329113924,	820
203954153,	5707.540090084076,	544.939133032942,	500.0,	401.0632911392405,	840
204974024,	5736.765132188797,	545.4452197296478,	640.0,	399.39240506329116,	840
205993158,	5765.699547052383,	543.900697756683,	600.0,	397.34177215189874,	840
207040902,	5796.117143630981,	549.5106279810147,	600.0,	412.63291139240505,	860
208108655,	5824.841864347458,	560.5595651829133,	740.0,	422.30379746835445,	820
209196923,	5854.61816573143,	548.503608664622,	560.0,	429.8987341772152,	860
210239198,	5884.413999557495,	549.6532477981598,	560.0,	410.8354430379747,	820
211313077,	5913.92867231369,	564.6879230183438,	760.0,	422.4810126582278,	840
212432360,	5943.451961755753,	570.2191307165094,	660.0,	444.27848101265823,	840
213539193,	5972.9680190086365,	584.1972176448585,	740.0,	438.55696202531647,	840
214650739,	6002.991898298264,	583.7774958803726,	680.0,	440.73417721518985,	860
215762895,	6032.960621833801,	596.3997462923353,	780.0,	441.34177215189874,	840
216859445,	6062.751774787903,	597.7597716631018,	680.0,	433.9493670886076,	860
217978650,	6092.227907896042,	596.9837944967916,	600.0,	444.65822784810126,	840
219094493,	6121.706134796143,	601.2854150471125,	700.0,	445.69620253164555,	840
220203143,	6151.571057319641,	601.1568735424012,	700.0,	439.26582278481015,	860
221341478,	6181.749239683151,	595.0411861881611,	540.0,	454.17721518987344,	840
222460907,	6211.9529802799225,	587.537067569345,	580.0,	443.36708860759495,	840
223601838,	6241.901940584183,	586.7833608124105,	580.0,	455.59493670886076,	820
224751245,	6271.927454948425,	579.1050247311695,	600.0,	461.4177215189873,	820
225894251,	6301.862920761108,	581.1945222580525,	600.0,	458.40506329113924,	840
227055397,	6332.0895273685455,	585.0750700322473,	620.0,	466.6835443037975,	880
228214494,	6361.919511079788,	594.5675630290225,	700.0,	466.9873417721519,	840
229377780,	6392.065800189972,	587.1108067261202,	520.0,	469.67088607594934,	900
230556749,	6422.205913305283,	593.3997260535082,	680.0,	477.0126582278481,	860
231737790,	6452.34122133255,	594.0597534481574,	660.0,	474.37974683544303,	840
232938068,	6482.5389752388,	602.6537781033417,	740.0,	480.40506329113924,	840
234121868,	6512.712162971497,	612.3884002930075,	700.0,	478.253164556962,	840
235329386,	6543.006201982498,	612.1495602637068,	680.0,	489.54430379746833,	840
236547092,	6573.163699150085,	621.9346042373361,	740.0,	494.1518987341772,	840
237734276,	6603.561851024628,	613.7411438136024,	600.0,	482.9367088607595,	860
238946187,	6634.046440601349,	619.3670294322421,	760.0,	493.26582278481015,	840
240142642,	6664.634882688522,	625.430326489018,	780.0,	484.73417721518985,	840
241337686,	6694.90709900856,	622.8872938401162,	600.0,	482.253164556962,	880
242539517,	6726.222140789032,	622.5985644561046,	620.0,	484.8101265822785,	840
243716510,	6756.5809688568115,	619.3387080104941,	740.0,	472.7088607594937,	840
244907235,	6787.305013179779,	625.4048372094446,	700.0,	480.2025316455696,	840
246059182,	6817.256724596024,	636.8643534885001,	740.0,	459.44303797468353,	840
247192613,	6847.895243644714,	638.17791813965,	680.0,	451.34177215189874,	1000
248334585,	6877.789761304855,	630.3601263256851,	580.0,	454.7088607594937,	840
249466329,	6907.91716170311,	641.3241136931166,	760.0,	448.73417721518985,	840
250583343,	6938.428427696228,	636.191702323805,	620.0,	443.49367088607596,	840
251741950,	6968.458587408066,	644.5725320914245,	720.0,	463.3164556962025,	1000
252900256,	6998.526736021042,	656.115278882282,	800.0,	465.746835443038,	880
254022822,	7028.529817342758,	632.5037509940538,	440.0,	448.75949367088606,	860
255108452,	7058.165892601013,	607.2533758946485,	380.0,	430.63291139240505,	840
256250133,	7088.185688972473,	616.5280383051836,	720.0,	455.56962025316454,	840
257404353,	7118.6078288555145,	614.8752344746653,	700.0,	463.0632911392405,	840
258594982,	7148.603720664978,	615.3877110271987,	740.0,	479.0126582278481,	820
259781688,	7179.121296167374,	623.8489399244788,	700.0,	478.40506329113924,	840
260974516,	7209.03839468956,	627.4640459320309,	660.0,	479.6455696202532,	860
262080600,	7239.337829351425,	628.7176413388278,	660.0,	432.4810126582278,	820
263200250,	7269.69061756134,	628.845877204945,	740.0,	439.24050632911394,	960
264329940,	7299.917829275131,	637.9612894844505,	720.0,	447.34177215189874,	840
265472018,	7330.045980930328,	642.1651605360055,	740.0,	451.7721518987342,	820
266592547,	7361.341312408447,	636.9486444824049,	660.0,	439.2151898734177,	840
267709498,	7391.139516353607,	636.2537800341644,	660.0,	437.0379746835443,	840
268809817,	7422.065216064453,	637.6284020307479,	700.0,	425.69620253164555,	840
269895552,	7451.87798166275,	645.8655618276731,	720.0,	420.9873417721519,	840
271016216,	7483.053467988968,	640.2790056449057,	720.0,	442.27848101265823,	860
272151099,	7513.264830112457,	645.2511050804152,	740.0,	449.54430379746833,	840
273291377,	7543.4768352508545,	645.7259945723737,	740.0,	452.6835443037975,	940
274431075,	7573.496599197388,	650.1533951151363,	720.0,	452.60759493670884,	860
275558381,	7603.661251544952,	639.1380556036227,	600.0,	443.7721518987342,	840
276696398,	7634.057663440704,	651.2242500432604,	760.0,	447.9493670886076,	840
277821413,	7664.297071218491,	648.1018250389344,	720.0,	442.2025316455696,	840
278986947,	7694.663424015045,	643.291642535041,	640.0,	464.253164556962,	860
280133230,	7724.933461427689,	644.9624782815368,	680.0,	455.5189873417722,	840
281284246,	7755.326139688492,	634.4662304533831,	540.0,	457.0126582278481,	840
282431899,	7785.764343738556,	632.0196074080447,	620.0,	455.9240506329114,	880
283589988,	7816.021281957626,	631.8176466672403,	720.0,	461.59493670886076,	840
284727298,	7846.137494564056,	634.6358820005163,	660.0,	455.11392405063293,	860
285852958,	7876.0783224105835,	640.1722938004647,	720.0,	449.62025316455697,	860
286981584,	7906.151002883911,	644.1550644204182,	680.0,	454.0253164556962,	860
288147027,	7937.8690774440765,	645.7395579783763,	660.0,	467.44303797468353,	840
289294124,	7968.364491224289,	651.1656021805387,	740.0,	458.6835443037975,	840
290449009,	7998.513231515884,	652.0490419624848,	720.0,	462.73417721518985,	900
291604253,	8030.080241441727,	647.8441377662364,	720.0,	458.17721518987344,	840
292751629,	8060.166804790497,	651.0597239896127,	760.0,	458.88607594936707,	860
293890719,	8090.125748872757,	645.9537515906514,	600.0,	454.0759493670886,	840
295025405,	8120.29913187027,	651.3583764315863,	700.0,	453.2151898734177,	860
296186348,	8150.565439462662,	636.2225387884276,	500.0,	469.67088607594934,	860
297331611,	8180.945400714874,	630.6002849095848,	580.0,	459.8481012658228,	860
298486233,	8210.975416183472,	641.5402564186263,	740.0,	464.9620253164557,	860
299647383,	8241.709308385849,	645.3862307767637,	740.0,	466.75949367088606,	860
300805744,	8271.882981777191,	635.8476076990873,	580.0,	466.253164556962,	860
301966235,	8302.068556547165,	636.2628469291786,	740.0,	466.0,	860
303146272,	8332.462437152863,	636.6365622362607,	640.0,	474.5822784810127,	840
304312973,	8364.622805833817,	641.9729060126347,	760.0,	466.1012658227848,	860
305480408,	8395.067287445068,	636.7756154113712,	620.0,	470.0759493670886,	840
306622587,	8425.81103181839,	640.098053870234,	720.0,	455.56962025316454,	860
307772510,	8456.07829618454,	640.0882484832106,	640.0,	458.50632911392404,	860
308899732,	8486.58790063858,	637.0794236348895,	720.0,	442.9367088607595,	840
310032796,	8517.238858699799,	642.3714812714005,	760.0,	443.39240506329116,	880
311142526,	8547.32438158989,	622.1343331442605,	480.0,	433.746835443038,	840
312264979,	8577.886350154877,	615.9208998298344,	560.0,	438.8607594936709,	840
313372955,	8608.293768644333,	604.328809846851,	500.0,	431.2911392405063,	860
314491844,	8638.674400568008,	610.8959288621659,	700.0,	432.75949367088606,	860
315611166,	8669.180247068405,	623.8063359759493,	740.0,	438.0253164556962,	880
316735346,	8699.32201910019,	630.4257023783543,	700.0,	441.54430379746833,	840
317864780,	8729.604569196701,	614.3831321405189,	560.0,	443.1898734177215,	920
318979397,	8759.94085264206,	609.9448189264671,	620.0,	438.2278481012658,	880
320091538,	8790.033462762833,	626.9503370338203,	780.0,	435.5189873417722,	860
321250835,	8820.404849290848,	613.2553033304383,	600.0,	460.55696202531647,	860
322404734,	8851.153497219086,	620.9297729973945,	800.0,	460.7088607594937,	920
323539810,	8881.594173669815,	634.836795697655,	760.0,	449.44303797468353,	880
324690174,	8912.162922143936,	634.3531161278895,	680.0,	456.9873417721519,	880
325836470,	8942.572452306747,	626.9178045151006,	620.0,	456.50632911392404,	920
326965561,	8972.873680830002,	632.2260240635906,	680.0,	448.65822784810126,	880
328091401,	9003.123156785965,	630.0034216572315,	760.0,	446.0759493670886,	840
329239462,	9033.266667604446,	635.0030794915083,	740.0,	455.54430379746833,	880
330364818,	9063.464691638947,	629.5027715423574,	580.0,	446.32911392405066,	920
331505015,	9093.915476799011,	642.5524943881217,	760.0,	456.0759493670886,	900
332635629,	9124.108806610107,	639.2972449493095,	640.0,	446.0,	860
333781765,	9154.67067360878,	643.3675204543786,	720.0,	456.17721518987344,	860
334911244,	9184.943288326263,	635.0307684089407,	600.0,	449.1392405063291,	880
336054502,	9216.650789499283,	639.5276915680466,	680.0,	457.3164556962025,	860
337218860,	9247.040847063065,	633.5749224112419,	760.0,	467.1645569620253,	880
338381263,	9277.555396795273,	623.2174301701177,	620.0,	468.7848101265823,	840
339531859,	9308.313028812408,	620.895687153106,	620.0,	462.0506329113924,	860
340687589,	9338.461191177368,	624.8061184377954,	760.0,	462.73417721518985,	860
341861384,	9368.702179193497,	621.3255065940158,	640.0,	474.0,	880
343016726,	9398.834833145142,	625.1929559346142,	660.0,	466.75949367088606,	860
344177623,	9428.971282720566,	619.6736603411529,	600.0,	470.75949367088606,	860
345326493,	9459.410461902618,	631.7062943070375,	740.0,	464.60759493670884,	840
346479799,	9489.908130407333,	632.5356648763337,	640.0,	467.49367088607596,	900
347656760,	9520.120591878891,	629.2820983887003,	800.0,	478.17721518987344,	860
348809018,	9550.100188016891,	630.3538885498303,	760.0,	468.6835443037975,	860
349952294,	9581.90969491005,	643.3184996948473,	760.0,	461.72151898734177,	840
351092252,	9612.024138689041,	652.9866497253626,	760.0,	462.75949367088606,	920
352220889,	9642.249503850937,	648.6879847528263,	700.0,	459.69620253164555,	880
353364876,	9672.766607522964,	639.8191862775436,	560.0,	465.56962025316454,	880
354515082,	9703.375560760498,	623.8372676497893,	480.0,	468.5822784810127,	840
355679524,	9734.395374059677,	627.4535408848103,	660.0,	473.62025316455697,	900
356825707,	9764.542530059814,	640.7081867963293,	760.0,	465.56962025316454,	880
357956903,	9794.881930828094,	626.6373681166964,	760.0,	456.6835443037975,	880
359093557,	9825.522141695023,	627.9736313050267,	640.0,	464.8607594936709,	880
360234092,	9855.573602437973,	631.176268174524,	700.0,	465.36708860759495,	860
361362491,	9886.398009061813,	609.0586413570716,	420.0,	460.7088607594937,	920
362522464,	9916.619755268097,	611.1527772213644,	700.0,	478.126582278481,	860
363662200,	9946.590626239777,	592.037499499228,	420.0,	464.65822784810126,	900
364822732,	9976.729103088379,	587.8337495493053,	580.0,	476.0253164556962,	860
365940026,	10006.449348926544,	601.0503745943747,	720.0,	459.1898734177215,	860
367085540,	10036.754756212234,	604.9453371349373,	720.0,	469.8987341772152,	860
368276445,	10066.899344921112,	610.4508034214435,	780.0,	490.253164556962,	840
369441934,	10097.10222363472,	616.4057230792992,	760.0,	477.11392405063293,	880
370575341,	10127.25146317482,	617.7651507713692,	720.0,	458.3544303797468,	900
371727748,	10157.311077833176,	617.9886356942324,	620.0,	468.8101265822785,	880
372842697,	10187.207674741745,	614.1897721248091,	640.0,	451.26582278481015,	920
373983736,	10217.231743335724,	605.7707949123283,	600.0,	463.2151898734177,	880
375124806,	10247.640363931656,	600.1937154210955,	560.0,	461.54430379746833,	900
376262009,	10277.988550901413,	577.174343878986,	380.0,	460.7848101265823,	880
377395726,	10308.512268066406,	576.4569094910873,	600.0,	459.8987341772152,	860
378502694,	10338.329670906067,	570.8112185419786,	560.0,	445.26582278481015,	860
379595994,	10368.658358097076,	569.7300966877808,	680.0,	442.0253164556962,	900
380714692,	10399.11933851242,	571.7570870190027,	600.0,	453.0886075949367,	860
381844036,	10429.023470401764,	578.5813783171025,	720.0,	459.82278481012656,	880
382978879,	10458.887382984161,	582.7232404853922,	720.0,	460.40506329113924,	860
384138254,	10488.740557909012,	597.450916436853,	760.0,	474.43037974683546,	880
385277444,	10518.21379494667,	597.7058247931677,	600.0,	464.253164556962,	880
386441290,	10548.173595428467,	611.935242313851,	740.0,	478.0,	860
387615601,	10577.987630367279,	604.7417180824658,	540.0,	481.36708860759495,	840
388787451,	10608.275186538696,	615.2675462742193,	760.0,	482.0759493670886,	860
389959029,	10638.08795952797,	611.7407916467973,	580.0,	480.126582278481,	900
391111139,	10667.637668848038,	620.5667124821176,	780.0,	474.0506329113924,	920
392255134,	10698.142924547195,	621.5100412339059,	740.0,	467.746835443038,	860
393387466,	10728.258121013641,	627.3590371105153,	680.0,	458.37974683544303,	840
394515689,	10758.19990324974,	629.6231333994638,	760.0,	457.2911392405063,	840
395651896,	10788.21946978569,	636.6608200595174,	700.0,	461.2151898734177,	860
396799427,	10818.445190191269,	626.9947380535657,	560.0,	465.3164556962025,	880
397926606,	10848.302147865295,	632.2952642482092,	680.0,	454.7848101265823,	840
399073954,	10878.21472620964,	629.0657378233882,	620.0,	464.63291139240505,	840
400218403,	10908.381377696991,	629.1591640410494,	740.0,	462.9367088607595,	840
401366100,	10938.834636926651,	642.2432476369445,	780.0,	462.253164556962,	860
402511520,	10969.118734359741,	647.0189228732501,	720.0,	462.55696202531647,	860
403650850,	10998.67396402359,	655.3170305859251,	820.0,	460.253164556962,	880
404796414,	11028.652363300323,	649.7853275273326,	600.0,	459.9746835443038,	880
405899723,	11058.568075180054,	639.8067947745993,	560.0,	440.9873417721519,	840
407030080,	11088.454217672348,	629.8261152971394,	560.0,	451.8481012658228,	840
408178424,	11118.330923080444,	634.8435037674254,	720.0,	460.0253164556962,	820
409301536,	11148.100868463516,	621.3591533906829,	500.0,	446.9113924050633,	820
410423041,	11177.772704839706,	620.2232380516145,	680.0,	451.46835443037975,	840
411547762,	11207.72270822525,	616.2009142464531,	660.0,	449.873417721519,	840
412682832,	11237.59229850769,	616.5808228218077,	780.0,	455.49367088607596,	880
413831753,	11267.561378002167,	617.922740539627,	760.0,	464.8354430379747,	880
415007326,	11297.966420412064,	629.1304664856642,	760.0,	476.8354430379747,	840
416189437,	11327.941883802414,	634.2174198370979,	680.0,	480.43037974683546,	860
417341897,	11358.208503007889,	638.795677853388,	760.0,	464.60759493670884,	860
418489104,	11388.00388121605,	640.9161100680492,	740.0,	463.34177215189874,	840
419636463,	11418.733720541,	633.8244990612443,	660.0,	462.9367088607595,	880
420785659,	11448.919617414474,	627.4420491551199,	620.0,	462.40506329113924,	840
421928864,	11478.790153503418,	616.6978442396079,	520.0,	456.2278481012658,	860
423134270,	11508.758669137955,	613.0280598156471,	580.0,	487.9240506329114,	840
424345054,	11539.023299694061,	614.7252538340824,	780.0,	491.1898734177215,	840
425540677,	11569.18650507927,	606.2527284506742,	540.0,	485.26582278481015,	840
426721460,	11599.23543047905,	613.6274556056068,	740.0,	477.873417721519,	840
427914160,	11629.385612726212,	616.2647100450461,	720.0,	484.8607594936709,	860
429096203,	11659.948009252548,	614.6382390405414,	640.0,	482.3544303797468,	840
430274024,	11690.159017324448,	619.1744151364873,	760.0,	479.62025316455697,	860
431449193,	11720.18296289444,	602.2569736228386,	500.0,	478.30379746835445,	860
432608404,	11750.320368528366,	610.0312762605547,	680.0,	475.0886075949367,	880
433766918,	11780.449576377869,	600.0281486344992,	560.0,	472.7848101265823,	860
434930730,	11810.570501565933,	602.0253337710493,	620.0,	475.4177215189873,	860
436068720,	11840.321479558945,	620.8228003939444,	800.0,	461.49367088607596,	880
437228806,	11870.75649690628,	611.74052035455,	580.0,	472.27848101265823,	880
438376947,	11900.901948451996,	601.566468319095,	600.0,	468.8354430379747,	860
439524218,	11930.593405723572,	601.4098214871855,	620.0,	467.46835443037975,	880
440660812,	11960.823819160461,	601.2688393384669,	600.0,	462.0759493670886,	860
441803900,	11990.99891591072,	587.1419554046203,	520.0,	462.17721518987344,	840
442935854,	12021.054250955582,	600.4277598641582,	720.0,	459.1898734177215,	860
444074883,	12050.992023229599,	583.3849838777425,	600.0,	462.9620253164557,	860
445224257,	12081.141560077667,	581.0464854899682,	560.0,	468.50632911392404,	860
446358343,	12111.861600637436,	600.9418369409714,	780.0,	460.55696202531647,	860
447475010,	12142.423661708832,	611.8476532468742,	740.0,	452.50632911392404,	860
448582269,	12172.459326505661,	612.6628879221868,	700.0,	447.1392405063291,	880
449683171,	12202.058878660202,	587.3965991299681,	360.0,	446.55696202531647,	860
450764932,	12231.688286066055,	584.6569392169713,	740.0,	436.53164556962025,	880
451850712,	12261.385023355484,	574.1912452952741,	540.0,	439.0126582278481,	860
452916226,	12291.273137569427,	584.7721207657468,	680.0,	425.9746835443038,	860
454025763,	12321.431356668472,	576.2949086891721,	500.0,	448.253164556962,	880
455140289,	12351.154018163681,	574.6654178202549,	560.0,	450.32911392405066,	840
456277982,	12380.909768819809,	596.1988760382294,	800.0,	460.9113924050633,	840
457397810,	12410.507211208344,	588.5789884344065,	540.0,	450.2025316455696,	840
458521685,	12440.348762273788,	594.7210895909658,	780.0,	453.44303797468353,	840
459624856,	12469.881542682648,	575.2489806318692,	400.0,	443.34177215189874,	840
460745274,	12499.785871982574,	588.7240825686823,	760.0,	449.2151898734177,	860
461863144,	12529.444044828415,	595.8516743118141,	680.0,	448.75949367088606,	840
462980148,	12559.77435040474,	588.2665068806327,	740.0,	447.26582278481015,	840
464096632,	12589.373943805695,	577.4398561925694,	600.0,	449.7974683544304,	840
465202442,	12619.253410816193,	561.6958705733125,	460.0,	445.82278481012656,	860
466297728,	12649.131559848785,	554.5262835159813,	560.0,	435.873417721519,	860
467397705,	12678.757186174393,	563.0736551643831,	640.0,	436.5822784810127,	840
468514718,	12708.672291994095,	566.7662896479449,	640.0,	446.8101265822785,	840
469663252,	12738.789287567139,	573.0896606831503,	780.0,	464.37974683544303,	840
470807777,	12768.629426956177,	588.7806946148353,	740.0,	461.6455696202532,	860
471945533,	12798.571112632751,	609.9026251533518,	800.0,	456.63291139240505,	840
473104544,	12828.591148853302,	600.9123626380166,	560.0,	469.46835443037975,	860
474257036,	12858.283128023148,	599.8211263742149,	740.0,	465.67088607594934,	840
475397595,	12888.162955284119,	611.8390137367935,	720.0,	462.0253164556962,	880
476541075,	12918.51046037674,	606.6551123631142,	640.0,	462.3544303797468,	860
477667726,	12948.812954187393,	588.9896011268028,	480.0,	450.9620253164557,	860
478813726,	12978.88816332817,	594.0906410141225,	780.0,	460.5822784810127,	880
479958839,	13008.611779212952,	600.6815769127103,	660.0,	462.32911392405066,	860
481086288,	13038.844389677048,	610.6134192214392,	780.0,	453.46835443037975,	840
482234723,	13069.300797700882,	589.5520772992953,	400.0,	464.40506329113924,	840
483376981,	13099.982370853424,	605.5968695693658,	760.0,	461.8987341772152,	860
484544216,	13129.553579330444,	625.0371826124292,	800.0,	473.0126582278481,	860
485729976,	13159.67291855812,	626.5334643511862,	640.0,	481.39240506329116,	840
486886979,	13189.498829126358,	607.8801179160677,	620.0,	467.39240506329116,	840
488043914,	13219.598161935806,	607.0921061244609,	680.0,	468.2025316455696,	840
489196027,	13249.546001672745,	609.3828955120148,	660.0,	466.8101265822785,	900
490339301,	13279.320281505585,	626.4446059608133,	780.0,	460.37974683544303,	840
491486520,	13309.607293128967,	622.800145364732,	680.0,	463.3164556962025,	880
492655271,	13339.524372816086,	606.5201308282587,	460.0,	474.7088607594937,	840
493816626,	13368.905613183975,	613.8681177454329,	680.0,	473.34177215189874,	820
494998387,	13398.749600172043,	609.4813059708896,	600.0,	481.8987341772152,	840
496184778,	13428.733668088913,	616.5331753738006,	680.0,	483.9746835443038,	820
497378057,	13459.55051112175,	616.8798578364206,	620.0,	486.7088607594937,	840
498552443,	13489.708549261093,	626.1918720527785,	720.0,	476.65822784810126,	840
499743368,	13520.440996646881,	627.5726848475007,	640.0,	486.60759493670884,	860
500950312,	13550.564304113388,	618.8154163627506,	600.0,	495.69620253164555,	840
502155767,	13580.958734750748,	635.9338747264756,	820.0,	494.9620253164557,	860
503353717,	13611.01232266426,	630.340487253828,	660.0,	490.5822784810127,	840
504569784,	13641.186140060425,	619.3064385284451,	620.0,	498.8607594936709,	840
505755680,	13671.471890211105,	623.3757946756007,	660.0,	485.2911392405063,	840
506946019,	13702.07837343216,	619.0382152080406,	800.0,	486.9620253164557,	840
508140708,	13732.2839179039,	633.1343936872365,	760.0,	488.4810126582278,	840
509336921,	13762.8568816185,	626.8209543185129,	640.0,	491.0632911392405,	840
510532092,	13793.128958702087,	630.1388588866616,	740.0,	492.6835443037975,	840
511703430,	13823.261690378189,	624.1249729979954,	780.0,	480.63291139240505,	840
512857670,	13853.7569065094,	620.7124756981959,	720.0,	471.9746835443038,	840
514043299,	13884.080089330673,	614.6412281283764,	560.0,	488.3544303797468,	860
515224974,	13914.370109558105,	603.1771053155387,	500.0,	483.72151898734177,	860
516409200,	13944.711892604828,	624.8593947839848,	820.0,	490.50632911392404,	860
517608435,	13975.113383293152,	617.3734553055864,	600.0,	498.27848101265823,	860
518833846,	14005.645311117172,	615.6361097750278,	600.0,	509.24050632911394,	860
520057113,	14036.121970415115,	624.072498797525,	720.0,	507.72151898734177,	840
521290043,	14066.714393615723,	619.6652489177725,	720.0,	515.3417721518987,	860
522534076,	14096.99919462204,	627.6987240259953,	700.0,	518.4810126582279,	860
523777623,	14127.399931430817,	639.9288516233958,	780.0,	518.8607594936709,	840
525004198,	14158.193373680115,	651.9359664610562,	760.0,	512.3037974683544,	860
526251415,	14188.65813612938,	665.7423698149505,	800.0,	519.367088607595,	880
527480477,	14219.001982212067,	653.1681328334555,	720.0,	512.5316455696203,	860
528712731,	14249.334698915482,	662.8513195501099,	780.0,	510.3544303797468,	860
529944423,	14279.521918773651,	650.5661875950989,	540.0,	508.7088607594937,	860
531177964,	14310.045734167099,	653.509568835589,	760.0,	509.34177215189874,	840
532406448,	14340.407112121582,	663.1586119520301,	800.0,	509.54430379746833,	860
533659712,	14370.783336400986,	664.8427507568272,	780.0,	521.2405063291139,	860
534901002,	14401.361459493637,	676.3584756811445,	780.0,	516.126582278481,	840
536135479,	14431.792334079742,	668.72262811303,	600.0,	516.1772151898734,	860
537369519,	14462.23522567749,	670.850365301727,	780.0,	513.9493670886076,	840
538590295,	14492.661762952805,	667.7653287715543,	720.0,	504.2025316455696,	860
539815841,	14523.255258083344,	661.9887958943989,	640.0,	510.53164556962025,	860
541037609,	14553.841472148895,	657.789916304959,	620.0,	510.45569620253167,	860
542258326,	14583.977932453156,	661.0109246744631,	700.0,	505.9493670886076,	860
543510577,	14614.433491230011,	644.9098322070168,	500.0,	521.4683544303797,	860
544724501,	14644.684141874313,	654.4188489863152,	760.0,	504.0506329113924,	880
545953857,	14675.015378952026,	651.9769640876837,	680.0,	509.2911392405063,	860
547188760,	14705.245265007019,	660.7792676789153,	740.0,	513.3164556962025,	860
548410184,	14736.626171588898,	654.7013409110237,	740.0,	506.65822784810126,	860
549610715,	14766.928387880325,	647.2312068199213,	600.0,	497.2151898734177,	840
550844244,	14797.135198116302,	648.5080861379292,	660.0,	513.5189873417721,	860
552070525,	14827.775838851929,	653.6572775241364,	720.0,	510.65822784810126,	860
553314674,	14858.156944513321,	664.2915497717228,	780.0,	518.0759493670886,	860
554563874,	14888.367133140564,	677.8623947945505,	800.0,	524.7848101265823,	840
555826767,	14918.624722957611,	662.0761553150954,	520.0,	526.9113924050633,	840
557059528,	14949.563619613647,	657.8685397835859,	620.0,	515.0632911392405,	840
558290884,	14979.807618379593,	630.0816858052274,	480.0,	513.7721518987341,	820
559525890,	15010.03082728386,	627.0735172247047,	700.0,	512.9620253164557,	840
560753336,	15040.57604598999,	625.3661655022343,	700.0,	510.53164556962025,	840
561946100,	15070.720670223236,	636.8295489520108,	740.0,	494.37974683544303,	860
563164400,	15101.167489767075,	637.1465940568097,	660.0,	505.2151898734177,	860
564392649,	15131.327086925507,	651.4319346511287,	820.0,	514.2025316455696,	880
565618965,	15161.920422554016,	660.2887411860158,	800.0,	511.59493670886076,	880
566840221,	15192.10544514656,	642.2598670674142,	480.0,	509.62025316455697,	840
568072735,	15222.230482816696,	648.0338803606728,	700.0,	514.8354430379746,	860
569306027,	15252.948498725891,	643.2304923246055,	600.0,	515.6708860759494,	840
570537309,	15283.257600069046,	632.907443092145,	580.0,	510.43037974683546,	860
571771484,	15313.559455156326,	633.6166987829305,	640.0,	513.3924050632911,	840
573011351,	15344.088825464249,	638.2550289046375,	800.0,	519.5696202531645,	860
574237409,	15374.308062314987,	653.4295260141737,	800.0,	512.1518987341772,	840
575462017,	15404.472224473953,	651.0865734127564,	820.0,	513.746835443038,	880
576687400,	15434.282727241516,	641.9779160714808,	700.0,	513.6962025316456,	840
577925100,	15464.65530204773,	652.7801244643326,	820.0,	518.253164556962,	860
579124021,	15494.815625190735,	657.5021120178993,	700.0,	495.7974683544304,	840
580334890,	15525.120640516281,	673.7519008161094,	820.0,	503.36708860759495,	860
581551208,	15555.240771055222,	680.3767107344984,	780.0,	506.88607594936707,	860
582762741,	15584.941776275635,	685.3390396610486,	740.0,	504.32911392405066,	840
583999482,	15615.266169548035,	685.8051356949437,	800.0,	515.746835443038,	860
585259684,	15645.531116247177,	699.2246221254493,	820.0,	527.8987341772151,	840
586497874,	15675.82215166092,	687.3021599129044,	640.0,	514.7594936708861,	860
587715840,	15705.964982271194,	689.5719439216139,	720.0,	509.0886075949367,	840
588954911,	15736.374562740326,	696.6147495294525,	780.0,	517.4430379746835,	860
590171030,	15767.817051172256,	690.9532745765073,	640.0,	504.3544303797468,	840
591418021,	15797.854811191559,	682.8579471188566,	640.0,	520.8354430379746,	860
592641609,	15828.055429935455,	691.572152406971,	840.0,	506.8607594936709,	860
593878659,	15858.283553361893,	667.4149371662738,	520.0,	514.2025316455696,	920
595104367,	15889.510939836502,	665.6734434496465,	820.0,	508.40506329113924,	840
596324786,	15919.824789524078,	675.1060991046818,	760.0,	507.2151898734177,	840
597529175,	15950.00210404396,	667.5954891942137,	720.0,	501.3164556962025,	860
598753141,	15980.060342550278,	668.8359402747923,	740.0,	509.1392405063291,	840
599964816,	16010.19884467125,	647.952346247313,	460.0,	503.59493670886076,	860
601158839,	16040.201253175735,	661.1571116225817,	780.0,	491.9493670886076,	840
602357546,	16070.428477048874,	647.0414004603235,	520.0,	494.6835443037975,	940
603563372,	16100.580353021622,	662.3372604142912,	820.0,	498.45569620253167,	840
604777764,	16130.620240926743,	646.1035343728621,	500.0,	500.126582278481,	840
606030719,	16160.789027452469,	644.4931809355759,	800.0,	522.0,	840
607289992,	16190.98063492775,	622.0438628420183,	560.0,	525.7974683544304,	860
608537411,	16221.055621623993,	621.8394765578164,	620.0,	521.5189873417721,	840
609773259,	16251.624524116516,	635.6555289020348,	760.0,	516.0,	840
611037329,	16281.841668128967,	642.0899760118314,	700.0,	528.0506329113924,	840
612297713,	16312.325847148895,	599.8809784106483,	220.0,	526.5822784810126,	920
613568525,	16342.479454278946,	618.8928805695834,	800.0,	533.4430379746835,	840
614832553,	16372.94511604309,	635.0035925126251,	780.0,	528.8860759493671,	880
616073804,	16403.157829761505,	647.5032332613627,	780.0,	518.0759493670886,	840
617304889,	16434.230074882507,	651.7529099352264,	700.0,	512.7848101265823,	860
618544292,	16464.708884716034,	660.5776189417038,	740.0,	515.5443037974684,	840
619787908,	16494.89232134819,	661.5198570475334,	680.0,	518.2025316455696,	880
621027145,	16525.027301073074,	665.3678713427801,	700.0,	516.1012658227849,	860
622273807,	16555.77121281624,	662.831084208502,	700.0,	521.8987341772151,	860
623507820,	16586.293092250824,	667.5479757876518,	740.0,	513.8987341772151,	860
624741296,	16616.69430589676,	672.7931782088866,	780.0,	516.1012658227849,	860
625989180,	16646.933493614197,	660.513860387998,	600.0,	523.8227848101266,	860
627219127,	16677.631618261337,	671.4624743491981,	780.0,	514.7848101265823,	860
628419974,	16707.773218154907,	662.3162269142783,	580.0,	501.5189873417722,	860
629627073,	16738.404150485992,	656.0846042228505,	600.0,	504.2278481012658,	860
630827537,	16768.698447227478,	656.4761438005655,	660.0,	500.27848101265823,	840
632030618,	16799.292608976364,	657.828529420509,	760.0,	500.9873417721519,	860
633244332,	16829.711853265762,	658.0456764784581,	760.0,	507.69620253164555,	860
634463011,	16859.968168497086,	672.2411088306122,	800.0,	511.7974683544304,	840
635709560,	16890.528795957565,	641.0169979475511,	360.0,	524.6582278481013,	840
636972950,	16920.871275663376,	636.915298152796,	600.0,	533.0632911392405,	860
638238190,	16951.665046215057,	634.2237683375164,	620.0,	532.5822784810126,	860
639497395,	16981.81100130081,	639.8013915037648,	760.0,	528.1772151898734,	860
640774156,	17012.92015838623,	631.8212523533883,	740.0,	541.4430379746835,	860
642067022,	17043.340106010437,	634.6391271180495,	660.0,	547.4177215189874,	900
643374875,	17074.001442670822,	641.1752144062445,	800.0,	557.9240506329114,	840
644675727,	17104.500999450684,	645.05769296562,	800.0,	553.3417721518987,	860
645966461,	17134.833908557892,	644.551923669058,	680.0,	546.7594936708861,	840
647293330,	17165.338543653488,	656.0967313021522,	780.0,	563.367088607595,	860
648611334,	17196.93949985504,	666.487058171937,	780.0,	559.0379746835443,	860
649938405,	17227.275803089142,	663.8383523547433,	640.0,	561.2151898734177,	860
651283071,	17257.797646522522,	647.454517119269,	500.0,	572.1012658227849,	860
652613522,	17288.146820545197,	652.7090654073421,	700.0,	565.2658227848101,	840
653967335,	17318.84819459915,	653.4381588666079,	660.0,	575.5443037974684,	840
655295396,	17349.247626066208,	657.0943429799471,	740.0,	565.6455696202531,	880
656646861,	17380.044553279877,	666.3849086819524,	780.0,	577.5696202531645,	860
658002885,	17410.36722421646,	659.7464178137571,	720.0,	576.506329113924,	860
659361331,	17440.914962291718,	670.7717760323815,	780.0,	578.8860759493671,	880
660698804,	17471.53600358963,	669.6945984291433,	740.0,	570.7088607594936,	840
662007316,	17502.315932035446,	682.7251385862289,	800.0,	556.7848101265823,	900
663325651,	17532.814950704575,	692.452624727606,	780.0,	561.6455696202531,	900
664655687,	17563.453078746796,	685.2073622548454,	620.0,	564.0506329113924,	860
666022805,	17594.15026307106,	678.6866260293609,	620.0,	581.3164556962025,	860
667371149,	17625.70196199417,	660.8179634264249,	660.0,	572.632911392405,	860
668740404,	17656.265563964844,	666.7361670837823,	780.0,	583.2151898734177,	880
670081970,	17686.725840330124,	676.062550375404,	760.0,	566.8607594936709,	840
671414355,	17717.054725646973,	671.4562953378636,	660.0,	564.9113924050633,	860
672755307,	17748.022954940796,	679.3106658040772,	760.0,	568.1012658227849,	860
674089536,	17778.40946984291,	667.3795992236695,	640.0,	564.0506329113924,	860
675422663,	17809.03950238228,	669.6416393013026,	780.0,	563.3164556962025,	840
676765891,	17839.491093158722,	676.6774753711724,	760.0,	566.3037974683544,	860
678103174,	17870.21156001091,	684.0097278340552,	780.0,	562.3291139240506,	860
679442564,	17900.433259487152,	694.6087550506496,	820.0,	565.4177215189874,	840
680799771,	17931.001047849655,	701.1478795455846,	820.0,	571.9240506329114,	840
682150833,	17962.035470724106,	711.0330915910262,	800.0,	573.1392405063291,	860
683475939,	17992.3302898407,	711.9297824319235,	720.0,	560.3037974683544,	1080
684815336,	18022.706799268723,	693.7368041887312,	620.0,	567.8227848101266,	1300
686158801,	18053.029878139496,	704.363123769858,	800.0,	570.4810126582279,	860
687484816,	18083.46248960495,	705.9268113928722,	740.0,	563.9493670886076,	860
688812126,	18114.255447626114,	715.3341302535849,	800.0,	566.9620253164557,	880
690145951,	18144.87730550766,	695.8007172282264,	520.0,	570.0506329113924,	860
691486366,	18175.51542687416,	692.2206455054038,	660.0,	571.9493670886076,	860
692817864,	18206.00570178032,	700.9985809548634,	820.0,	568.5822784810126,	880
694137817,	18236.674938440323,	699.8987228593771,	780.0,	562.0759493670886,	860
695426261,	18268.15264225006,	700.9088505734394,	780.0,	548.2784810126582,	880
696726572,	18298.29509949684,	691.8179655160955,	640.0,	553.2911392405064,	1080
698028216,	18328.692413568497,	697.6361689644859,	760.0,	554.5316455696203,	900
699316964,	18359.073452949524,	681.8725520680373,	640.0,	547.9240506329114,	880
700629310,	18389.526911258698,	676.6852968612336,	760.0,	557.9493670886076,	980
701950713,	18419.71033525467,	687.0167671751102,	780.0,	561.5443037974684,	940
703273179,	18450.069220781326,	689.3150904575991,	720.0,	564.1518987341772,	980
704571208,	18480.258183956146,	690.3835814118393,	780.0,	550.6835443037975,	880
705897620,	18510.690997838974,	699.3452232706553,	780.0,	566.7848101265823,	880
707183162,	18541.098200559616,	689.4107009435897,	640.0,	547.7721518987341,	880
708461352,	18571.74109005928,	698.4696308492307,	780.0,	547.1392405063291,	940
709724390,	18602.040026664734,	692.6226677643076,	660.0,	539.2911392405064,	960
710966150,	18632.532965183258,	688.3604009878768,	800.0,	528.0253164556962,	880
712242593,	18664.24463248253,	685.5243608890892,	680.0,	544.4810126582279,	860
713502560,	18695.210007429123,	680.9719248001802,	800.0,	536.0253164556962,	860
714788389,	18725.729989290237,	691.8747323201621,	800.0,	551.8987341772151,	900
716058716,	18756.146821022034,	671.687259088146,	800.0,	544.7088607594936,	900
717318090,	18786.565037488937,	657.5185331793314,	640.0,	539.1392405063291,	880
718574700,	18816.898626089096,	656.7666798613982,	660.0,	538.1518987341772,	860
719837968,	18847.206614494324,	655.0900118752584,	660.0,	540.8860759493671,	860
721103930,	18877.82756781578,	664.5810106877325,	800.0,	544.0253164556962,	900
722366147,	18908.27491736412,	672.1229096189593,	780.0,	541.7215189873418,	880
723653332,	18939.593643426895,	677.9106186570633,	760.0,	553.1139240506329,	880
724949006,	18970.843540668488,	688.119556791357,	800.0,	559.3924050632911,	900
726237791,	19001.565993785858,	695.3076011122213,	760.0,	554.5569620253165,	880
727544930,	19032.338459968567,	695.7768410009992,	780.0,	561.873417721519,	940
728829482,	19063.97323036194,	694.1991569008993,	760.0,	555.2405063291139,	880
730118428,	19094.852197885513,	700.7792412108093,	780.0,	556.6582278481013,	920
731383860,	19125.882115840912,	694.7013170897284,	780.0,	544.5822784810126,	900
732659982,	19156.931302309036,	685.2311853807555,	800.0,	550.9873417721519,	900
733949198,	19187.979675769806,	686.70806684268,	720.0,	558.9873417721519,	900
735235954,	19218.61225414276,	693.037260158412,	780.0,	558.0506329113924,	1000
736545484,	19249.630301475525,	687.7335341425708,	640.0,	565.4683544303797,	1040
737828892,	19281.02245926857,	691.9601807283137,	760.0,	553.5696202531645,	940
739111170,	19311.77702641487,	687.7641626554823,	680.0,	554.0759493670886,	960
740422683,	19342.761765241623,	680.987746389934,	640.0,	569.7974683544304,	960
741731994,	19373.742817401886,	682.8889717509406,	720.0,	570.7341772151899,	980
743052917,	19405.118374824524,	690.6000745758465,	780.0,	574.7848101265823,	980
744381615,	19436.343914985657,	698.5400671182618,	800.0,	576.9113924050633,	940
745718568,	19467.679508924484,	682.6860604064357,	600.0,	577.0886075949367,	960
747054892,	19499.248582839966,	669.4174543657921,	740.0,	578.2278481012659,	960
748411203,	19530.809640407562,	658.4757089292128,	620.0,	589.0886075949367,	960
749743970,	19562.5376226902,	673.6281380362916,	820.0,	574.2278481012659,	920
751071840,	19593.967623710632,	672.2653242326625,	720.0,	575.5949367088608,	960
752366465,	19625.271088838577,	674.0387918093962,	760.0,	558.253164556962,	960
753686144,	19656.83003306389,	682.6349126284566,	780.0,	572.7341772151899,	940
755014676,	19688.24472141266,	675.371421365611,	740.0,	575.6962025316456,	960
756314054,	19719.669817209244,	680.8342792290499,	780.0,	560.8860759493671,	1020
757600184,	19750.98669242859,	680.7508513061449,	740.0,	554.632911392405,	940
758875101,	19782.505655288696,	684.6757661755304,	760.0,	549.3417721518987,	980
760152259,	19814.224578619003,	667.2081895579773,	620.0,	550.506329113924,	980
761447968,	19845.459740638733,	669.4873706021796,	780.0,	558.8354430379746,	960
762742748,	19876.814539194107,	675.5386335419616,	800.0,	557.6962025316456,	1020
764010793,	19908.457679748535,	673.9847701877654,	740.0,	544.3544303797469,	940
765315174,	19940.12220811844,	676.5862931689888,	740.0,	565.1392405063291,	960
766627966,	19971.554989099503,	685.92766385209,	820.0,	564.5316455696203,	960
767933168,	20003.816917419434,	684.334897466881,	760.0,	562.8607594936709,	1000
769223324,	20035.283273935318,	696.9014077201929,	820.0,	554.7088607594936,	980
770547600,	20066.812567710876,	697.2112669481736,	700.0,	571.5189873417721,	960
771869708,	20098.151573181152,	683.4901402533562,	680.0,	572.1012658227849,	980
773185314,	20129.647688388824,	693.1411262280207,	780.0,	570.4810126582279,	960
774503454,	20161.403222560883,	685.8270136052186,	780.0,	568.2025316455696,	1000
775825147,	20193.2722055912,	678.2443122446967,	660.0,	572.0759493670886,	1020
777150512,	20225.1134390831,	666.4198810202271,	620.0,	574.1772151898734,	960
778473367,	20256.481533050537,	660.7778929182043,	620.0,	572.7848101265823,	1000
779790902,	20289.375284433365,	651.7001036263839,	580.0,	571.9746835443038,	960
781089938,	20320.99247097969,	659.5300932637455,	780.0,	564.8860759493671,	980
782393916,	20352.51472043991,	659.577083937371,	680.0,	565.7721518987341,	980
783708983,	20384.393256902695,	662.6193755436339,	760.0,	570.0253164556962,	980
785005074,	20417.007602214813,	622.3574379892705,	260.0,	564.1518987341772,	980
786304369,	20448.623063325882,	639.1216941903434,	820.0,	563.4683544303797,	1100
787580963,	20480.43745946884,	646.2095247713091,	740.0,	550.9113924050633,	960
788871799,	20512.355565547943,	659.5885722941782,	800.0,	560.632911392405,	980
790149847,	20543.87006497383,	657.6297150647604,	740.0,	556.0,	1000
791477524,	20576.009315013885,	659.8667435582844,	760.0,	578.632911392405,	960
792806320,	20607.597689390182,	659.880069202456,	740.0,	578.0506329113924,	1020
794149850,	20639.733540058136,	650.8920622822104,	680.0,	585.3164556962025,	1000
795496493,	20671.841368198395,	655.8028560539893,	780.0,	587.8481012658228,	1000
796860448,	20704.416509389877,	666.2225704485904,	760.0,	593.5696202531645,	980
798197997,	20736.550312519073,	668.6003134037314,	780.0,	581.2658227848101,	1000
799525599,	20767.937029123306,	669.7402820633583,	780.0,	577.0126582278481,	980
800871833,	20799.573320150375,	673.7662538570225,	760.0,	586.2658227848101,	1250
802223967,	20832.656701803207,	675.3896284713203,	760.0,	588.3544303797469,	980
803571944,	20864.19637298584,	683.8506656241883,	800.0,	585.7721518987341,	980
804910725,	20896.03773522377,	683.4655990617695,	800.0,	580.9113924050633,	1000
806247338,	20927.810439825058,	687.1190391555925,	760.0,	582.7848101265823,	1000
807576174,	20959.723101377487,	685.4071352400333,	760.0,	578.7594936708861,	1020
808959471,	20991.48480820656,	696.86642171603,	820.0,	605.6455696202531,	1000
810325536,	21023.905338525772,	706.179779544427,	800.0,	596.5822784810126,	1000
811714281,	21055.83057975769,	701.5618015899843,	700.0,	605.873417721519,	1040
813118201,	21087.653869390488,	695.4056214309859,	680.0,	611.5696202531645,	1000
814537254,	21119.938878536224,	698.8650592878873,	740.0,	618.3291139240506,	980
815945792,	21151.75101852417,	687.9785533590986,	680.0,	612.8101265822785,	1000
817359690,	21183.610337734222,	676.1806980231887,	660.0,	618.506329113924,	1000
818788253,	21215.560411691666,	684.5626282208698,	760.0,	623.6962025316456,	1000
820205337,	21247.09976029396,	686.1063653987828,	760.0,	618.8101265822785,	980
821634232,	21279.203942775726,	687.4957288589045,	800.0,	622.3037974683544,	1020
823073700,	21310.891115665436,	665.7461559730141,	520.0,	629.0379746835443,	1020
824473580,	21342.837464809418,	667.1715403757127,	680.0,	613.2151898734177,	1000
825886567,	21374.776549339294,	659.4543863381414,	660.0,	618.7848101265823,	1040
827288682,	21406.3134829998,	661.5089477043273,	680.0,	613.2658227848101,	980
828695892,	21438.06496477127,	663.3580529338946,	680.0,	617.5696202531645,	1000
830067435,	21470.736651659012,	662.0222476405052,	760.0,	604.9367088607595,	1000
831459539,	21502.597823619843,	661.8200228764547,	660.0,	616.0759493670886,	1020
832838445,	21534.49086213112,	666.6380205888092,	780.0,	607.8481012658228,	1000
834212212,	21566.073340415955,	665.9742185299283,	660.0,	604.1772151898734,	1000
835586668,	21597.740111351013,	651.3767966769354,	520.0,	603.6708860759494,	1000
836968208,	21629.536270856857,	620.2391170092419,	340.0,	607.3417721518987,	980
838332025,	21661.201219320297,	619.2152053083178,	740.0,	596.2278481012659,	1000
839708849,	21692.791145324707,	621.293684777486,	640.0,	602.8860759493671,	1020
841122280,	21724.459087371826,	634.1643162997374,	760.0,	618.2784810126582,	1000
842575028,	21756.838599443436,	652.7478846697636,	820.0,	636.506329113924,	1020
844040144,	21788.763026475906,	659.4730962027872,	720.0,	644.3037974683544,	1020
845482128,	21820.73875117302,	664.5257865825085,	740.0,	633.4683544303797,	1000
846910351,	21852.64883518219,	670.0732079242576,	760.0,	625.1392405063291,	1020
848320686,	21883.996025562286,	675.0658871318319,	820.0,	617.9746835443038,	1040
849726992,	21915.849691152573,	663.5592984186487,	560.0,	616.7848101265823,	1000
851144498,	21947.511668920517,	677.2033685767839,	800.0,	620.7594936708861,	1020
852562516,	21979.24073123932,	687.4830317191055,	800.0,	624.0506329113924,	1080
853982481,	22010.79598212242,	681.7347285471949,	660.0,	625.0632911392405,	1020
855388098,	22042.89095401764,	697.5612556924754,	840.0,	617.7215189873418,	1020
856819047,	22074.811323165894,	702.8051301232279,	800.0,	628.9873417721519,	1040
858252412,	22107.06215929985,	696.5246171109051,	640.0,	630.0759493670886,	1040
859698032,	22140.287836551666,	697.8721553998146,	760.0,	636.9873417721519,	1020
861161873,	22172.356250047684,	706.0849398598331,	820.0,	644.379746835443,	1040
862592831,	22204.14721441269,	713.4764458738498,	780.0,	628.3544303797469,	1040
864057728,	22236.172621011734,	720.1288012864649,	780.0,	644.8607594936709,	1040
865506936,	22267.921709299088,	721.1159211578183,	780.0,	635.5949367088608,	1020
866965675,	22300.09493112564,	699.0043290420365,	500.0,	641.2405063291139,	1040
868422331,	22331.940712213516,	709.1038961378329,	800.0,	640.6835443037975,	1020
869842968,	22364.09896993637,	703.1935065240496,	780.0,	625.3417721518987,	1060
871269685,	22396.263288974762,	709.8741558716446,	780.0,	626.8354430379746,	1060
872709026,	22428.51002573967,	691.8867402844801,	560.0,	633.7721518987341,	1000
874130172,	22460.778579950333,	699.6980662560321,	780.0,	624.8101265822785,	1020
875545361,	22493.24297761917,	686.728259630429,	620.0,	625.2658227848101,	1020
876957132,	22525.326177358627,	698.0554336673861,	820.0,	622.8860759493671,	1040
878384469,	22557.435987472534,	708.2498903006475,	800.0,	632.7341772151899,	1060
879819209,	22589.446186304092,	713.4249012705827,	760.0,	635.3924050632911,	1060
881237681,	22621.37830042839,	722.0824111435245,	800.0,	629.5189873417721,	1060
882648640,	22653.264283895493,	711.8741700291721,	620.0,	628.9113924050633,	1040
884057752,	22685.42181634903,	718.6867530262549,	780.0,	624.1518987341772,	1060
885465602,	22717.612010240555,	725.8180777236294,	800.0,	624.6835443037975,	1040
886865354,	22749.853760242462,	724.2362699512664,	760.0,	620.1518987341772,	1020
888281821,	22781.903015851974,	725.8126429561398,	760.0,	631.873417721519,	1040
889702080,	22814.833351373672,	725.2313786605258,	780.0,	631.367088607595,	1040
891117803,	22847.038424015045,	714.7082407944732,	640.0,	627.3164556962025,	1040
892512036,	22879.083244085312,	707.2374167150259,	760.0,	617.9240506329114,	1040
893906362,	22911.03592467308,	715.5136750435233,	800.0,	618.2784810126582,	1040
895308766,	22943.59868645668,	714.962307539171,	820.0,	622.8101265822785,	1060
896696398,	22975.311650037766,	714.4660767852539,	780.0,	615.1139240506329,	1080
898088401,	23007.423149108887,	710.0194691067285,	800.0,	618.8354430379746,	1040
899476635,	23039.231182336807,	718.0175221960557,	800.0,	619.367088607595,	1040
900817525,	23071.411103963852,	710.2157699764501,	640.0,	594.9873417721519,	1060
902165199,	23103.165796756744,	715.1941929788052,	760.0,	597.746835443038,	1060
903532822,	23135.15556025505,	714.6747736809247,	820.0,	604.6835443037975,	1040
904896471,	23166.917200565338,	715.2072963128322,	800.0,	603.1645569620254,	1040
906241850,	23198.92941045761,	720.686566681549,	800.0,	593.6708860759494,	1060
907568099,	23230.68298268318,	716.6179100133942,	680.0,	584.9873417721519,	1040
908934052,	23262.981213331223,	708.9561190120547,	640.0,	605.0632911392405,	1040
910299369,	23294.925055980682,	699.0605071108492,	780.0,	605.2658227848101,	1040
911689511,	23327.5536506176,	697.1544563997643,	680.0,	614.8354430379746,	1060
913052232,	23359.373997688293,	703.4390107597878,	780.0,	601.4683544303797,	1060
914421147,	23391.37376022339,	711.095109683809,	800.0,	606.9620253164557,	1060
915793283,	23423.591032505035,	719.9855987154281,	800.0,	606.5316455696203,	1060
917172271,	23455.671123743057,	687.9870388438853,	400.0,	608.6075949367089,	1060
918526949,	23487.63011956215,	688.1883349594968,	700.0,	599.9240506329114,	1020
919881145,	23519.586096048355,	689.3695014635472,	800.0,	602.7088607594936,	1040
921258250,	23551.611072540283,	700.4325513171925,	800.0,	610.5316455696203,	1040
922648672,	23583.618654489517,	701.3892961854733,	800.0,	616.632911392405,	1060
924032423,	23616.41644024849,	709.250366566926,	780.0,	613.2405063291139,	1040
925425068,	23649.517859697342,	717.3253299102334,	800.0,	620.4050632911392,	1040
926834857,	23682.066234111786,	714.5927969192101,	700.0,	625.6962025316456,	1040
928227403,	23714.238689422607,	707.1335172272891,	680.0,	617.0379746835443,	1040
929620518,	23746.05392742157,	714.4201655045601,	780.0,	618.5316455696203,	1060
931032695,	23779.548550367355,	698.9781489541042,	560.0,	627.3417721518987,	1040
932476402,	23812.023746728897,	708.0803340586938,	800.0,	640.0759493670886,	1040
933928856,	23844.42814517021,	694.2723006528244,	640.0,	642.7594936708861,	1020
935347445,	23877.118978738785,	703.845070587542,	800.0,	628.7088607594936,	1020
936760893,	23909.699571847916,	709.4605635287878,	760.0,	625.8987341772151,	1040
938199655,	23941.841259002686,	716.514507175909,	780.0,	637.6962025316456,	1040
939648743,	23974.159573316574,	724.863056458318,	800.0,	640.8607594936709,	1040
941067066,	24006.61589074135,	734.3767508124863,	820.0,	630.4556962025316,	1040
942337076,	24038.617352485657,	738.9390757312377,	800.0,	547.5443037974684,	1020
943600792,	24070.39728164673,	733.0451681581139,	800.0,	548.3037974683544,	1040
944856657,	24102.761826515198,	719.7406513423025,	600.0,	543.2151898734177,	1040
946135046,	24135.167550086975,	727.7665862080722,	800.0,	552.1772151898734,	1060
947417650,	24167.287298202515,	733.989927587265,	800.0,	559.4683544303797,	1040
948694405,	24199.32596898079,	733.5909348285385,	800.0,	553.5696202531645,	1060
949971650,	24232.44090986252,	742.2318413456846,	820.0,	554.253164556962,	1040
951220938,	24264.63864016533,	736.0086572111162,	680.0,	544.1518987341772,	1060
952452777,	24296.732164621353,	728.4077914900046,	660.0,	533.7974683544304,	1040
953684623,	24328.985726356506,	717.5670123410041,	620.0,	532.4050632911392,	1060
954925544,	24362.09539437294,	722.8103111069037,	780.0,	533.7974683544304,	1040
956181394,	24394.14674258232,	719.5292799962133,	800.0,	539.8481012658228,	1060
957447924,	24426.997472524643,	721.5763519965919,	740.0,	550.4303797468355,	1060
958712427,	24459.22772359848,	721.4187167969327,	760.0,	548.7341772151899,	1060
959977351,	24491.086590528488,	722.2768451172394,	820.0,	547.746835443038,	1040
961256431,	24523.181347608566,	714.0491606055155,	740.0,	559.0886075949367,	1040
962544965,	24555.28589940071,	720.644244544964,	800.0,	565.4683544303797,	1060
963824108,	24588.658447504044,	718.5798200904676,	780.0,	558.7088607594936,	1060
965090683,	24620.583025932312,	713.7218380814209,	760.0,	551.7215189873418,	1060
966378767,	24653.055646657944,	706.3496542732788,	660.0,	560.8354430379746,	1040
967643462,	24685.52707529068,	703.714688845951,	700.0,	552.9113924050633,	1060
968912536,	24717.600083112717,	707.3432199613559,	740.0,	554.0759493670886,	1060
970177804,	24749.779567956924,	711.6088979652203,	820.0,	551.873417721519,	1040
971445171,	24781.96942424774,	720.4480081686983,	800.0,	553.6708860759494,	1060
972731381,	24814.395825624466,	720.4032073518284,	720.0,	564.7594936708861,	1040
974020893,	24846.860202550888,	712.3628866166456,	640.0,	566.4303797468355,	1040
975316874,	24879.298456430435,	715.126597954981,	740.0,	569.8481012658228,	1060
976620641,	24911.325233221054,	715.6139381594829,	720.0,	571.8227848101266,	1040
977930427,	24944.436672210693,	724.0525443435347,	800.0,	581.1139240506329,	1060
979243833,	24977.83524465561,	719.6472899091813,	700.0,	580.7848101265823,	1040
980563173,	25010.6692943573,	728.6825609182631,	820.0,	582.4556962025316,	1060
981886050,	25042.93194770813,	729.8143048264368,	820.0,	585.1645569620254,	1080
983199061,	25075.11652112007,	728.8328743437932,	760.0,	578.379746835443,	1060
984535464,	25107.27898979187,	737.9495869094138,	820.0,	595.5443037974684,	1080
985871387,	25139.508184432983,	731.1546282184725,	700.0,	591.2405063291139,	1060
987203240,	25172.297113895416,	735.0391653966252,	820.0,	591.0632911392405,	1060
988571427,	25204.533366918564,	733.5352488569627,	720.0,	610.9113924050633,	1060
989910655,	25236.745021104813,	733.1817239712664,	780.0,	593.1898734177215,	1060
991261235,	25269.241017341614,	719.8635515741397,	600.0,	600.7594936708861,	1080
992619618,	25301.666527032852,	725.8771964167257,	860.0,	607.2658227848101,	1060
993956947,	25333.830602169037,	726.2894767750531,	780.0,	595.3164556962025,	1080
995291335,	25366.465905189514,	723.6605290975479,	800.0,	594.7088607594936,	1080
996631072,	25398.714549303055,	707.2944761877931,	560.0,	597.0379746835443,	1060
997941834,	25430.93135213852,	716.5650285690137,	820.0,	583.1392405063291,	1060
999247511,	25463.079704761505,	714.9085257121124,	780.0,	584.0,	1080
1000561340,	25496.052273988724,	725.4176731409011,	820.0,	586.3544303797469,	1060
1001907178,	25528.35403561592,	724.875905826811,	720.0,	603.5949367088608,	1080
1003249250,	25560.699546813965,	730.3883152441299,	780.0,	602.0253164556962,	1080
1004566397,	25592.984100818634,	735.3494837197169,	780.0,	589.620253164557,	1080
1005893274,	25626.42373585701,	731.8145353477452,	700.0,	592.7848101265823,	1080
1007233625,	25658.80122256279,	725.6330818129707,	700.0,	599.5443037974684,	1100
1008589758,	25691.06013607979,	729.0697736316736,	760.0,	610.0506329113924,	1080
1009922489,	25723.423904657364,	725.1627962685062,	780.0,	600.0,	1100
1011246737,	25755.941682100296,	721.6465166416556,	700.0,	593.3417721518987,	1080
1012583752,	25788.511930942535,	722.48186497749,	780.0,	599.2151898734177,	1080
1013906653,	25821.150561094284,	714.233678479741,	640.0,	593.8227848101266,	1080
1015227468,	25854.100937366486,	714.8103106317669,	800.0,	591.0632911392405,	1080
1016551667,	25886.45942592621,	721.3292795685902,	780.0,	597.620253164557,	1060
1017873052,	25919.610494613647,	721.1963516117312,	780.0,	594.1518987341772,	1080
1019203843,	25951.927000045776,	720.076716450558,	760.0,	597.0886075949367,	1080
1020550499,	25984.233241319656,	732.0690448055022,	840.0,	603.5696202531645,	1080
1021910749,	26016.717544317245,	732.8621403249521,	740.0,	609.4177215189874,	1080
1023286483,	26049.593181848526,	728.5759262924569,	780.0,	617.3417721518987,	1080
1024668186,	26083.761420965195,	724.7183336632112,	820.0,	618.8860759493671,	1080
1026048230,	26116.218460798264,	723.2465002968901,	780.0,	617.367088607595,	1080
1027397480,	26148.406881570816,	730.9218502672011,	820.0,	602.4050632911392,	1060
1028746927,	26181.719633340836,	737.829665240481,	820.0,	603.6708860759494,	1080
1030089914,	26214.021221876144,	744.0466987164328,	820.0,	601.2658227848101,	1080
1031421035,	26246.81989479065,	734.6420288447896,	820.0,	593.3924050632911,	1080
1032747669,	26280.180040597916,	721.1778259603107,	820.0,	594.1012658227849,	1080
1034105148,	26312.78906917572,	712.0600433642796,	660.0,	605.7974683544304,	1080
1035452099,	26345.430965423584,	705.8540390278516,	660.0,	599.5696202531645,	1080
1036810017,	26377.99096250534,	691.2686351250665,	560.0,	607.6962025316456,	1080
1038182688,	26412.312482595444,	686.1417716125598,	760.0,	613.2658227848101,	1060
1039614630,	26444.741454839706,	697.5275944513038,	800.0,	646.8860759493671,	1080
1041037373,	26477.250298023224,	700.7748350061734,	760.0,	642.632911392405,	1080
1042454922,	26510.097348213196,	703.6973515055561,	740.0,	639.1898734177215,	1080
1043864279,	26542.81175661087,	699.3276163550005,	680.0,	634.4050632911392,	1060
1045291141,	26575.016922473907,	681.3948547195005,	700.0,	646.2278481012659,	1080
1046749068,	26607.304295301437,	681.2553692475504,	760.0,	660.9113924050633,	1080
1048167034,	26639.45628142357,	678.1298323227954,	800.0,	642.3037974683544,	1060
1049575409,	26672.311748981476,	663.3168490905159,	600.0,	638.6582278481013,	1080
1051018911,	26704.561905145645,	664.9851641814644,	740.0,	656.4556962025316,	1080
1052460891,	26736.7961704731,	675.4866477633179,	800.0,	656.126582278481,	1080
1053918612,	26769.531053304672,	672.9379829869862,	760.0,	662.1772151898734,	1080
1055346658,	26801.788380146027,	678.6441846882876,	800.0,	648.7088607594936,	1080
1056785378,	26834.307278871536,	689.7797662194589,	820.0,	654.1772151898734,	1080
1058222979,	26866.872088193893,	699.801789597513,	820.0,	649.620253164557,	1080
1059668117,	26899.169931173325,	697.8216106377618,	680.0,	654.0253164556962,	1100
1061090048,	26931.648220300674,	708.0394495739856,	820.0,	642.8860759493671,	1080
1062513041,	26964.36509537697,	708.235504616587,	740.0,	643.1898734177215,	1100
1063944685,	26996.576536655426,	697.4119541549284,	640.0,	646.9367088607595,	1080
1065350583,	27029.132739305496,	689.6707587394355,	660.0,	636.8607594936709,	1100
1066753624,	27061.89157652855,	691.7036828654919,	820.0,	636.6075949367089,	1080
1068170976,	27095.080974578857,	692.5333145789427,	740.0,	643.4430379746835,	1080
1069585484,	27127.848041772842,	697.2799831210484,	780.0,	639.0886075949367,	1060
1071017692,	27160.791536331177,	706.5519848089435,	800.0,	650.4556962025316,	1080
1072431372,	27193.621958732605,	697.8967863280492,	800.0,	636.7088607594936,	1080
1073865882,	27226.052932024002,	704.1071076952443,	760.0,	647.746835443038,	1080
1075297420,	27258.290739536285,	706.6963969257199,	800.0,	647.1139240506329,	1100
1076724904,	27290.656013011932,	708.0267572331479,	780.0,	643.873417721519,	1080
1078156540,	27322.957634687424,	704.2240815098331,	760.0,	646.4810126582279,	1080
1079573498,	27355.204943418503,	701.8016733588498,	680.0,	640.4303797468355,	1080
1080967021,	27387.67171406746,	700.6215060229648,	760.0,	631.3417721518987,	1080
1082351093,	27420.08021402359,	700.5593554206683,	800.0,	627.5696202531645,	1080
1083762611,	27452.29803419113,	692.5034198786016,	640.0,	638.4303797468355,	1080
1085165652,	27485.26858496666,	685.2530778907415,	660.0,	634.5822784810126,	1080
1086558880,	27517.384137630463,	682.7277701016673,	660.0,	630.1518987341772,	1080
1087960301,	27549.692417383194,	680.4549930915006,	660.0,	635.7974683544304,	1080
1089408543,	27582.7217502594,	673.4094937823505,	620.0,	657.746835443038,	1080
1090844963,	27614.92407798767,	681.0685444041155,	780.0,	649.1898734177215,	1080
1092285350,	27648.467197179794,	675.961689963704,	780.0,	651.3417721518987,	1060
1093727265,	27681.355271100998,	686.3655209673336,	780.0,	651.367088607595,	1080
1095149809,	27713.92082643509,	696.7289688706003,	800.0,	642.253164556962,	1060
1096596088,	27746.155993938446,	697.0560719835403,	760.0,	656.7594936708861,	1080
1098021417,	27778.673403024673,	703.3504647851862,	760.0,	644.8354430379746,	1080
1099436679,	27811.3186211586,	711.0154183066676,	800.0,	641.2151898734177,	1080
1100834481,	27843.503680467606,	693.9138764760008,	540.0,	633.3164556962025,	1080
1102238543,	27875.729930639267,	700.5224888284008,	800.0,	637.6455696202531,	1080
1103617330,	27908.74572610855,	699.4702399455607,	760.0,	621.873417721519,	1100
1104994236,	27941.458937883377,	687.5232159510047,	640.0,	622.3037974683544,	1080
1106386668,	27973.70143890381,	694.7708943559041,	760.0,	632.2278481012659,	1080
1107765747,	28006.127778291702,	679.2938049203137,	540.0,	626.4303797468355,	1100
1109171367,	28038.554344415665,	686.3644244282824,	780.0,	640.3037974683544,	1100
1110574036,	28070.82176065445,	692.7279819854541,	800.0,	638.8101265822785,	1080
1111999285,	28103.548187971115,	688.4551837869087,	680.0,	648.9620253164557,	1080
1113435196,	28136.131261348724,	691.6096654082179,	800.0,	655.0379746835443,	1080
1114867333,	28168.51296687126,	699.4486988673962,	800.0,	654.9873417721519,	1080
1116294305,	28200.79831123352,	705.5038289806565,	760.0,	650.2025316455696,	1080
1117736533,	28233.587481975555,	715.9534460825909,	840.0,	661.2405063291139,	1080
1119195224,	28266.012232780457,	716.3581014743318,	740.0,	668.8607594936709,	1100
1120612832,	28298.418486356735,	709.7222913268986,	660.0,	645.620253164557,	1060
1122054271,	28330.45497393608,	708.7500621942087,	700.0,	657.620253164557,	1080
1123493423,	28362.726924180984,	707.8750559747878,	740.0,	655.620253164557,	1080
1124969778,	28395.57699418068,	703.087550377309,	660.0,	671.6962025316456,	1060
1126416120,	28427.86693572998,	704.7787953395781,	780.0,	661.493670886076,	1060
1127860548,	28460.266812324524,	696.3009158056203,	760.0,	659.620253164557,	1080
1129327672,	28492.62931394577,	676.6708242250583,	500.0,	669.7974683544304,	1080
1130790966,	28524.800713300705,	686.0037418025524,	780.0,	668.9113924050633,	1080
1132230000,	28557.11322593689,	690.4033676222972,	780.0,	653.0379746835443,	1080
1133699965,	28589.934670448303,	693.3630308600675,	800.0,	667.5696202531645,	1100
1135142975,	28622.209013700485,	690.0267277740608,	720.0,	655.6962025316456,	1080
1136561902,	28654.53382205963,	695.0240549966547,	760.0,	645.6455696202531,	1080
1138009568,	28686.86273789406,	701.5216494969893,	820.0,	656.9620253164557,	1080
1139479164,	28719.180883407593,	685.3694845472904,	540.0,	667.0126582278481,	1080
1140950223,	28751.272310733795,	695.8325360925614,	800.0,	667.7721518987341,	1100
1142426742,	28783.790721178055,	698.2492824833053,	720.0,	664.8354430379746,	1060
1143920132,	28816.04330778122,	698.4243542349748,	700.0,	675.1898734177215,	1060
1145290498,	28848.552633047104,	698.5819188114773,	760.0,	612.5822784810126,	1080
1146668344,	28880.91513156891,	693.7237269303296,	680.0,	619.367088607595,	1060
1148026760,	28913.227609157562,	697.3513542372966,	820.0,	609.7974683544304,	1080
1149395035,	28945.711914777756,	705.616218813567,	780.0,	613.7215189873418,	1060
1150725750,	28978.512375831604,	714.0545969322103,	800.0,	599.9746835443038,	1080
1152037218,	29012.172633886337,	721.6491372389893,	800.0,	587.0126582278481,	1060
1153370018,	29044.557145357132,	720.4842235150903,	820.0,	599.8227848101266,	1080
1154705699,	29076.879575014114,	725.4358011635813,	780.0,	601.5949367088608,	1080
1156037179,	29109.275262117386,	728.8922210472232,	780.0,	598.5569620253165,	1060
1157383916,	29141.631917715073,	717.0029989425009,	620.0,	603.7974683544304,	1060
1158713590,	29173.722586631775,	707.3026990482508,	660.0,	597.1898734177215,	1060
1160042671,	29205.799228429794,	713.5724291434258,	780.0,	598.7594936708861,	1080
1161380087,	29238.00053191185,	712.2151862290832,	820.0,	602.2784810126582,	1060
1162737526,	29270.224494695663,	719.9936676061749,	840.0,	610.2025316455696,	1080
1164059865,	29302.68039917946,	719.9943008455574,	780.0,	591.0886075949367,	1060
1165408050,	29334.942230463028,	714.9948707610017,	760.0,	605.9746835443038,	1060
1166751367,	29367.268416404724,	723.4953836849015,	800.0,	608.9620253164557,	1080
1168095337,	29399.335604906082,	723.1458453164114,	800.0,	603.7721518987341,	1080
1169436741,	29431.388421058655,	724.8312607847703,	780.0,	603.9240506329114,	1080
1170757341,	29463.7695684433,	724.3481347062932,	800.0,	596.7341772151899,	1080
1172060580,	29496.117315530777,	725.9133212356638,	760.0,	589.2151898734177,	1100
1173357252,	29528.224736213684,	735.3219891120974,	820.0,	583.2658227848101,	1060
1174653177,	29560.307391405106,	724.7897902008876,	720.0,	585.6962025316456,	1080
1175994595,	29593.09254360199,	729.3108111807989,	840.0,	605.620253164557,	1080
1177364410,	29625.3873026371,	732.379730062719,	780.0,	620.5569620253165,	1080
1178735232,	29657.5434820652,	735.1417570564471,	760.0,	622.9873417721519,	1080
1180089214,	29690.188334465027,	736.6275813508024,	840.0,	615.2911392405064,	1080
1181441788,	29723.276725292206,	733.9648232157222,	800.0,	615.8481012658228,	1060
1182805992,	29755.439606428146,	737.56834089415,	820.0,	616.379746835443,	1100
1184201302,	29787.727576494217,	743.811506804735,	840.0,	632.1772151898734,	1060
1185581541,	29820.145802736282,	742.4303561242615,	760.0,	625.3164556962025,	1080
1186963584,	29852.433617830276,	744.1873205118353,	800.0,	627.6962025316456,	1080
1188331976,	29886.029244184494,	752.7685884606518,	860.0,	621.0379746835443,	1060
1189702165,	29918.34967660904,	756.4917296145866,	800.0,	621.6455696202531,	1060
1191078313,	29950.654648780823,	754.8425566531279,	760.0,	623.493670886076,	1060
1192446072,	29982.941136837006,	760.358300987815,	820.0,	617.8227848101266,	1060
1193828918,	30016.524739980698,	760.3224708890335,	760.0,	627.8227848101266,	1080
1195192876,	30048.756497383118,	756.2902238001302,	720.0,	618.0506329113924,	1080
1196565650,	30081.06384372711,	754.6612014201172,	820.0,	622.4303797468355,	1080
1197951827,	30113.196568965912,	760.1950812781055,	820.0,	628.7088607594936,	1080
1199351688,	30145.35541367531,	766.1755731502949,	820.0,	636.7088607594936,	1080
1200736937,	30177.470726251602,	760.5580158352655,	820.0,	631.9746835443038,	1080
1202125061,	30209.77227115631,	768.5022142517389,	840.0,	633.0379746835443,	1060
1203513368,	30242.725567817688,	762.651992826565,	740.0,	632.0,	1080
1204908333,	30275.024764060974,	755.3867935439085,	780.0,	634.7341772151899,	1080
1206283605,	30307.38217306137,	752.8481141895177,	840.0,	625.367088607595,	1100
1207643872,	30340.23829627037,	747.5633027705659,	700.0,	619.2405063291139,	1100
1209021139,	30373.856778860092,	746.8069724935093,	820.0,	625.6708860759494,	1080
1210374779,	30407.00949549675,	742.1262752441584,	800.0,	616.4556962025316,	1080
1211725179,	30439.14063501358,	729.9136477197426,	620.0,	610.3037974683544,	1080
1213062803,	30471.313089847565,	715.9222829477683,	740.0,	606.7088607594936,	1080
1214408276,	30503.99686717987,	716.3300546529914,	820.0,	608.5569620253165,	1080
1215767291,	30536.33968782425,	716.6970491876923,	800.0,	614.632911392405,	1060
1217111700,	30568.852236032486,	718.0273442689231,	740.0,	608.2784810126582,	1080
1218458342,	30601.829529762268,	708.2246098420308,	620.0,	610.2278481012659,	1080
1219793815,	30633.873054742813,	718.4021488578277,	820.0,	603.5949367088608,	1060
1221122053,	30665.971319913864,	715.5619339720449,	780.0,	598.8607594936709,	1080
1222454000,	30699.2210354805,	704.0057405748404,	600.0,	599.5443037974684,	1080
1223775466,	30731.895193576813,	693.6051665173563,	600.0,	596.632911392405,	1100
1225118822,	30764.061065673828,	696.2446498656207,	740.0,	607.2405063291139,	1100
1226452619,	30796.32323026657,	704.6201848790586,	780.0,	603.7215189873418,	1080
1227809479,	30828.520519018173,	715.1581663911527,	820.0,	610.0253164556962,	1080
1229164303,	30861.055260896683,	727.6423497520374,	840.0,	612.0253164556962,	1080
1230521170,	30893.26568865776,	730.8781147768336,	760.0,	612.9367088607595,	1080
1231850388,	30926.10424876213,	720.7903032991503,	700.0,	598.7088607594936,	1080
1233217392,	30958.204459905624,	719.7112729692353,	740.0,	618.1772151898734,	1080
1234581256,	30990.544955968857,	693.7401456723118,	460.0,	617.367088607595,	1080
1235917283,	31023.23356819153,	704.3661311050806,	800.0,	601.7215189873418,	1080
1237259296,	31055.414085149765,	713.9295179945725,	800.0,	606.0253164556962,	1080
1238610179,	31088.075523376465,	712.5365661951153,	700.0,	608.2025316455696,	1060
1239951962,	31120.795822620392,	723.2829095756038,	820.0,	605.8987341772151,	1080
1241315664,	31153.140451431274,	728.9546186180434,	780.0,	615.4430379746835,	1060
1242676663,	31185.501264333725,	722.059156756239,	800.0,	612.4050632911392,	1060
1244047869,	31217.90057849884,	731.853241080615,	820.0,	618.5569620253165,	1080
1245549090,	31251.024218082428,	737.6679169725535,	800.0,	686.0,	1080
1247042516,	31283.40088057518,	725.9011252752981,	620.0,	680.9620253164557,	1080
1248549337,	31315.678718566895,	720.3110127477682,	800.0,	688.506329113924,	1100
1250025528,	31347.964050769806,	724.2799114729914,	820.0,	673.1645569620254,	1080
1251511177,	31380.092950820923,	728.8519203256923,	800.0,	678.632911392405,	1080
1252998416,	31413.108515262604,	737.9667282931231,	840.0,	679.0126582278481,	1080
1254472812,	31446.318588018417,	734.1700554638107,	800.0,	672.9620253164557,	1080
1255986722,	31478.615349054337,	722.7530499174296,	620.0,	692.4556962025316,	1080
1257509900,	31510.98642873764,	717.4777449256867,	680.0,	697.0632911392405,	1160
1259012323,	31543.129819393158,	713.7299704331181,	800.0,	688.8101265822785,	1100
1260541005,	31575.605676412582,	718.3569733898063,	820.0,	703.2405063291139,	1100
1262035354,	31608.1594080925,	692.5212760508257,	460.0,	684.126582278481,	1120
1263525587,	31640.558881998062,	694.2691484457431,	760.0,	684.3544303797469,	1120
1264995733,	31673.311077594757,	702.8422336011688,	780.0,	677.493670886076,	1120
1266455261,	31705.5892932415,	694.5580102410519,	620.0,	671.1645569620254,	1140
1267925037,	31738.138338804245,	705.1022092169467,	800.0,	679.1139240506329,	1140
1269424618,	31770.767821073532,	696.591988295252,	680.0,	696.5569620253165,	1140
1270913382,	31803.292738199234,	690.9327894657268,	640.0,	690.4050632911392,	1120
1272395715,	31835.66092967987,	702.8395105191541,	820.0,	686.5822784810126,	1140
1273867771,	31868.22714781761,	712.5555594672387,	800.0,	683.3417721518987,	1140
1275371484,	31900.443973064423,	721.3000035205148,	800.0,	697.7974683544304,	1180
1276877796,	31932.958629608154,	726.1700031684633,	800.0,	699.5696202531645,	1140
1278380713,	31965.274841070175,	732.553002851617,	800.0,	697.7974683544304,	1140
1279871873,	31998.256469011307,	733.2977025664552,	740.0,	694.3037974683544,	1160
1281344587,	32031.470687389374,	742.9679323098097,	880.0,	685.6962025316456,	1160
1282822821,	32064.284548282623,	747.6711390788288,	860.0,	691.1645569620254,	1140
1284336141,	32097.59012579918,	752.9040251709459,	800.0,	709.746835443038,	1160
1285814184,	32130.432057857513,	758.6136226538514,	820.0,	688.5569620253165,	1160
1287274211,	32162.99255132675,	764.7522603884663,	820.0,	684.1518987341772,	1140
1288746719,	32195.255488872528,	769.2770343496197,	840.0,	690.4303797468355,	1140
1290216729,	32228.666320085526,	771.3493309146578,	820.0,	688.632911392405,	1160
1291699484,	32261.14602446556,	756.214397823192,	700.0,	693.5949367088608,	1140
1293165256,	32293.675766944885,	752.5929580408729,	840.0,	686.126582278481,	1140
1294615084,	32325.86221241951,	753.3336622367856,	760.0,	680.8860759493671,	1160
1296084710,	32358.614216327667,	759.000296013107,	840.0,	688.1518987341772,	1160
1297552044,	32390.908812999725,	766.1002664117963,	840.0,	686.5569620253165,	1160
1298962375,	32423.080372333527,	768.4902397706167,	820.0,	659.0632911392405,	1160
1300390854,	32455.901700735092,	761.641215793555,	760.0,	667.367088607595,	1160
1301822345,	32488.18970823288,	760.4770942141995,	820.0,	668.3291139240506,	1160
1303251729,	32520.423681735992,	756.4293847927795,	840.0,	667.1392405063291,	1160
1304673717,	32553.234811782837,	755.7864463135015,	860.0,	663.0632911392405,	1160
1306092760,	32585.419088363647,	759.2078016821514,	820.0,	658.8860759493671,	1160
1307480439,	32617.735492944717,	764.2870215139362,	820.0,	644.8101265822785,	1160
1308845479,	32650.317277669907,	767.8583193625426,	800.0,	633.7974683544304,	1140
1310243740,	32682.76388978958,	773.0724874262884,	820.0,	650.4810126582279,	1160
1311607086,	32714.781108140945,	779.7652386836595,	840.0,	636.0759493670886,	1160
1312977161,	32747.324866771698,	781.7887148152936,	800.0,	635.8227848101266,	1180
1314406166,	32779.94684147835,	783.6098433337643,	800.0,	664.7341772151899,	1160
1315836963,	32812.47701025009,	777.2488590003878,	780.0,	665.9240506329114,	1160
1317266319,	32845.05349159241,	771.523973100349,	820.0,	669.873417721519,	1160
1318778078,	32877.53323793411,	765.3715757903142,	760.0,	710.506329113924,	1180
1320246100,	32910.01435256004,	765.8344182112828,	800.0,	685.367088607595,	1160
1321740143,	32942.7397480011,	765.2509763901545,	860.0,	698.4303797468355,	1180
1323236573,	32975.01398587227,	765.725878751139,	840.0,	699.0126582278481,	1180
1324729126,	33007.47086429596,	769.1532908760252,	820.0,	695.9240506329114,	1160
1326238604,	33040.32509446144,	771.2379617884226,	800.0,	703.620253164557,	1160
1327735154,	33072.700422525406,	758.1141656095804,	680.0,	695.6962025316456,	1160
1329232028,	33105.243678569794,	766.3027490486223,	840.0,	698.0253164556962,	1140
1330732773,	33138.438167095184,	768.6724741437602,	800.0,	697.6455696202531,	1160
1332242045,	33171.14500641823,	773.8052267293841,	820.0,	705.6962025316456,	1160
1333726745,	33203.56667470932,	763.4247040564458,	800.0,	694.1772151898734,	1160
1335211203,	33236.35025215149,	758.0822336508012,	780.0,	695.1139240506329,	1180
1336720342,	33269.3822619915,	761.274010285721,	820.0,	703.9240506329114,	1160
1338231664,	33301.569741249084,	748.146609257149,	700.0,	704.9620253164557,	1160
1339746393,	33334.509541749954,	751.3319483314341,	780.0,	706.2278481012659,	1160
1341269683,	33367.19913864136,	747.1987534982907,	760.0,	710.379746835443,	1180
1342782106,	33399.69726228714,	752.4788781484616,	820.0,	706.3037974683544,	1160
1344323330,	33431.9986872673,	755.2309903336154,	780.0,	720.8354430379746,	1160
1345810573,	33465.78367757797,	759.7078913002539,	800.0,	694.8354430379746,	1160
1347291591,	33498.6131734848,	745.7371021702285,	780.0,	694.9620253164557,	1180
1348773578,	33531.910140275955,	737.1633919532056,	800.0,	691.5696202531645,	1160
1350241327,	33564.58507156372,	740.4470527578851,	780.0,	686.5822784810126,	1160
1351719501,	33596.97695803642,	738.4023474820966,	780.0,	690.5316455696203,	1160
1353200675,	33629.22321200371,	742.5621127338869,	780.0,	695.1645569620254,	1160
1354689769,	33661.92885875702,	741.3059014604983,	780.0,	695.2911392405064,	1160
1356164662,	33695.20941209793,	728.1753113144484,	620.0,	690.126582278481,	1140
1357614581,	33727.65784239769,	716.3577801830036,	640.0,	677.4683544303797,	1140
1359054002,	33760.131034851074,	706.7220021647032,	620.0,	673.9240506329114,	1160
1360501414,	33792.45808196068,	702.0498019482329,	720.0,	676.5316455696203,	1160
1361942443,	33825.16067171097,	702.8448217534096,	780.0,	674.1518987341772,	1160
1363416630,	33858.378564596176,	688.5603395780687,	700.0,	688.4810126582279,	1160
1364889310,	33890.842131614685,	688.7043056202618,	780.0,	686.4050632911392,	1160
1366379292,	33923.344192028046,	697.8338750582357,	780.0,	694.7848101265823,	1160
1367858508,	33955.779346466064,	678.050487552412,	540.0,	684.8101265822785,	1140
1369336603,	33988.67685389519,	680.2454387971709,	760.0,	684.4556962025316,	1160
1370822657,	34021.2786989212,	690.2208949174538,	780.0,	687.7215189873418,	1160
1372297424,	34053.6586792469,	688.1988054257084,	760.0,	684.506329113924,	1160
1373767927,	34086.09376120567,	679.3789248831376,	620.0,	684.4050632911392,	1160
1375225252,	34118.43900156021,	677.4410323948239,	660.0,	680.6582278481013,	1180
1376696820,	34150.9019548893,	683.6969291553415,	800.0,	685.493670886076,	1140
1378118323,	34184.24332308769,	691.3272362398073,	760.0,	662.2025316455696,	1160
1379529947,	34216.61381196976,	704.1945126158266,	820.0,	658.8860759493671,	1160
1380957139,	34249.68121314049,	692.7750613542439,	600.0,	671.1392405063291,	1160
1382373931,	34281.90723466873,	701.4975552188196,	800.0,	662.0,	1160
1383765491,	34314.382518053055,	685.3477996969376,	540.0,	651.9493670886076,	1160
1385175853,	34346.79841542244,	684.8130197272438,	680.0,	662.0253164556962,	1160
1386571522,	34379.13856053352,	688.3317177545194,	800.0,	654.9113924050633,	1160
1387962375,	34411.46353030205,	696.4985459790676,	800.0,	651.1139240506329,	1160
1389383292,	34444.30730676651,	696.8486913811608,	780.0,	666.9113924050633,	1160
1390807563,	34477.16967153549,	707.1638222430447,	800.0,	666.0759493670886,	1160
1392262566,	34509.41452217102,	715.4474400187403,	840.0,	678.506329113924,	1180
1393711338,	34541.673818826675,	723.9026960168662,	800.0,	675.8227848101266,	1160
1395134446,	34575.1765999794,	730.5124264151796,	820.0,	667.4683544303797,	1180
1396585907,	34607.48863363266,	735.4611837736616,	780.0,	678.9620253164557,	1160
1398026052,	34640.1572060585,	740.9150653962954,	800.0,	672.0253164556962,	1160
1399492927,	34672.70412731171,	744.8235588566658,	800.0,	693.0632911392405,	1160
1400938181,	34705.24319458008,	749.3412029709992,	840.0,	681.1645569620254,	1160
1402368875,	34737.41980099678,	745.4070826738994,	800.0,	673.7721518987341,	1180
1403801199,	34769.694951057434,	748.8663744065094,	780.0,	675.6962025316456,	1180
1405212816,	34802.50619459152,	737.9797369658585,	640.0,	666.4050632911392,	1180
1406627861,	34835.03165483475,	743.1817632692727,	800.0,	664.9113924050633,	1180
1408032684,	34867.414994478226,	746.8635869423454,	840.0,	659.5189873417721,	1160
1409437688,	34900.158997774124,	736.1772282481109,	640.0,	657.493670886076,	1160
1410859755,	34933.272336006165,	733.5595054232998,	840.0,	667.3924050632911,	1160
1412292514,	34966.52145957947,	729.2035548809698,	820.0,	669.6708860759494,	1160
1413715486,	34998.8506770134,	736.2831993928728,	820.0,	666.9873417721519,	1180
1415136316,	35031.45877146721,	740.6548794535855,	800.0,	667.0379746835443,	1180
1416547044,	35063.877086400986,	736.589391508227,	740.0,	662.6075949367089,	1160
1417942408,	35096.35211157799,	743.9304523574043,	820.0,	655.746835443038,	1160
1419350043,	35128.87386250496,	741.5374071216638,	760.0,	663.2405063291139,	1160
1420746740,	35161.147935152054,	738.3836664094974,	800.0,	657.9493670886076,	1160
1422111674,	35193.57319998741,	739.5452997685477,	840.0,	638.7341772151899,	1160
1423508667,	35226.08595204353,	723.590769791693,	580.0,	653.6708860759494,	1160
1424907829,	35259.14164876938,	716.2316928125236,	800.0,	653.6455696202531,	1180
1426305547,	35291.46820688248,	724.6085235312713,	820.0,	654.1772151898734,	1160
1427678762,	35323.58740401268,	731.1476711781442,	820.0,	641.0632911392405,	1160
1429070214,	35357.39917588234,	722.0329040603298,	640.0,	652.3544303797469,	1160
1430475254,	35390.289249420166,	720.8296136542967,	760.0,	656.1772151898734,	1180
1431856119,	35423.00947022438,	718.746652288867,	800.0,	643.9746835443038,	1160
1433260900,	35455.200189590454,	722.8719870599804,	800.0,	655.5443037974684,	1160
1434653388,	35487.411283016205,	717.5847883539823,	720.0,	650.1518987341772,	1180
1436030455,	35519.73009419441,	725.826309518584,	800.0,	645.8987341772151,	1160
1437431343,	35552.04031777382,	711.2436785667256,	600.0,	653.5949367088608,	1180
1438834262,	35584.377562999725,	716.119310710053,	780.0,	657.873417721519,	1200
1440236070,	35617.47520303726,	716.5073796390477,	800.0,	655.7215189873418,	1180
1441667443,	35650.44347667694,	718.8566416751429,	740.0,	671.3417721518987,	1180
1443074533,	35682.903116464615,	728.9709775076286,	820.0,	656.253164556962,	1180
1444490103,	35715.356972932816,	713.0738797568657,	700.0,	660.2025316455696,	1200
1445910309,	35747.58959937096,	716.7664917811792,	820.0,	662.126582278481,	1180
1447317184,	35780.1516418457,	724.0898426030612,	800.0,	659.0379746835443,	1180
1448715730,	35812.9401807785,	731.6808583427551,	800.0,	653.2405063291139,	1200
1450101678,	35845.1718249321,	715.5127725084795,	600.0,	651.4683544303797,	1180
1451500108,	35877.35874557495,	716.9614952576316,	800.0,	653.2658227848101,	1180
1452892597,	35909.85153841972,	725.2653457318684,	800.0,	653.2658227848101,	1180
