433803,	74.992835521698,	6.0,	60.0,	89.51898734177215,	400
900678,	90.07376670837402,	15.399999999999991,	120.0,	110.50632911392405,	460
1378558,	104.93030738830566,	17.859999999999992,	40.0,	116.65822784810126,	460
1852518,	121.23987483978271,	30.073999999999984,	160.0,	118.25316455696202,	480
2336910,	137.04999327659607,	37.06659999999999,	100.0,	126.37974683544304,	380
2840573,	153.7261459827423,	37.35993999999999,	80.0,	134.0,	440
3359855,	170.71239376068115,	42.62394599999999,	140.0,	141.29113924050634,	540
3892793,	187.16982436180115,	54.36155139999998,	160.0,	147.9240506329114,	560
4425982,	203.94577598571777,	76.92539625999999,	320.0,	151.56962025316454,	620
4963860,	219.7033655643463,	88.23285663399999,	200.0,	152.9367088607595,	460
5501457,	237.45467710494995,	103.40957097059996,	300.0,	153.49367088607596,	560
6038683,	255.39861297607422,	105.06861387353996,	120.0,	154.25316455696202,	520
6565252,	273.9877152442932,	109.56175248618595,	200.0,	148.91139240506328,	540
7116931,	292.5757396221161,	136.60557723756733,	380.0,	160.22784810126583,	520
7679297,	310.5083041191101,	133.9450195138106,	120.0,	164.15189873417722,	500
8239693,	328.16275930404663,	144.55051756242955,	340.0,	166.63291139240508,	600
8808611,	345.71990275382996,	150.09546580618658,	200.0,	169.873417721519,	560
9375329,	363.0349736213684,	151.08591922556792,	220.0,	169.64556962025316,	660
9981707,	382.2667546272278,	156.97732730301112,	240.0,	188.20253164556962,	600
10574258,	401.73923087120056,	163.27959457271,	240.0,	189.2405063291139,	640
11188668,	419.1140685081482,	168.95163511543902,	260.0,	202.60759493670886,	540
11804277,	437.8999948501587,	172.05647160389512,	300.0,	199.8227848101266,	680
12426016,	456.7974679470062,	176.85082444350562,	220.0,	204.27848101265823,	720
13056162,	477.0762052536011,	184.16574199915505,	280.0,	209.0126582278481,	780
13711670,	497.5019021034241,	188.74916779923953,	300.0,	218.1012658227848,	700
14366119,	520.4276349544525,	193.87425101931558,	280.0,	213.77215189873417,	740
15012350,	540.8126113414764,	210.486825917384,	360.0,	215.67088607594937,	740
15665330,	563.1708390712738,	209.4381433256456,	220.0,	216.126582278481,	780
16290135,	582.5373735427856,	201.49432899308104,	180.0,	204.63291139240508,	660
16933544,	602.0236690044403,	206.34489609377295,	260.0,	212.65822784810126,	720
17576126,	621.4816946983337,	214.71040648439566,	420.0,	214.30379746835442,	660
18209845,	642.4761180877686,	220.2393658359561,	380.0,	209.31645569620252,	580
18850391,	661.2254059314728,	226.21542925236048,	280.0,	209.41772151898735,	700
19508690,	683.4284329414368,	227.59388632712444,	340.0,	212.35443037974684,	680
20146070,	703.2884252071381,	223.834497694412,	300.0,	208.1012658227848,	620
20794618,	725.9152266979218,	220.4510479249708,	220.0,	215.34177215189874,	740
21430429,	748.1443700790405,	216.4059431324737,	180.0,	209.56962025316454,	660
22075063,	770.9369497299194,	209.76534881922635,	160.0,	215.9240506329114,	820
22716429,	791.7140650749207,	215.7888139373037,	380.0,	218.22784810126583,	700
23380349,	813.3427357673645,	214.20993254357333,	240.0,	227.51898734177215,	720
24074017,	836.3728578090668,	219.788939289216,	280.0,	244.27848101265823,	800
24772298,	860.2987751960754,	225.8100453602944,	340.0,	243.67088607594937,	700
25457579,	882.8638288974762,	231.22904082426496,	320.0,	236.20253164556962,	800
26140963,	905.911835193634,	245.10613674183844,	400.0,	240.35443037974684,	880
26827501,	929.1262121200562,	240.5955230676546,	260.0,	238.81012658227849,	700
27522557,	951.139297246933,	233.53597076088914,	200.0,	246.9367088607595,	840
28219032,	974.9657988548279,	239.1823736848002,	360.0,	246.81012658227849,	820
28933573,	997.5771315097809,	234.2641363163202,	220.0,	258.30379746835445,	800
29652961,	1021.071581363678,	230.83772268468817,	260.0,	258.8354430379747,	820
30369020,	1045.0788638591766,	232.75395041621937,	280.0,	257.67088607594934,	860
31093340,	1068.2403280735016,	228.47855537459742,	240.0,	260.27848101265823,	740
31819421,	1091.9721693992615,	225.63069983713768,	200.0,	261.44303797468353,	840
32521514,	1117.577122926712,	231.0676298534239,	300.0,	253.21518987341773,	760
33254432,	1140.4729149341583,	231.96086686808152,	280.0,	265.49367088607596,	780
33980243,	1164.3570079803467,	242.76478018127335,	340.0,	260.32911392405066,	760
34716043,	1187.5218014717102,	241.48830216314602,	360.0,	265.54430379746833,	720
35464323,	1211.3920984268188,	235.33947194683142,	240.0,	274.7848101265823,	780
36201081,	1235.4614551067352,	232.80552475214827,	280.0,	270.6835443037975,	840
36974295,	1257.1647686958313,	229.52497227693345,	240.0,	284.1518987341772,	700
37766936,	1283.1635403633118,	230.5724750492401,	240.0,	293.0886075949367,	760
38553080,	1307.8230187892914,	235.51522754431608,	360.0,	292.75949367088606,	800
39358583,	1333.0388913154602,	230.96370478988447,	220.0,	304.126582278481,	820
40172918,	1357.8843626976013,	223.867334310896,	160.0,	311.11392405063293,	820
41001244,	1384.462818622589,	247.48060087980642,	460.0,	317.67088607594934,	820
41801862,	1408.877185344696,	266.7325407918258,	440.0,	306.0253164556962,	800
42630634,	1434.2882843017578,	267.0592867126432,	380.0,	315.2911392405063,	800
43492311,	1460.538482427597,	262.3533580413789,	320.0,	329.44303797468353,	800
44336090,	1486.3650178909302,	288.118022237241,	540.0,	320.126582278481,	820
45184752,	1510.960292339325,	283.3062200135169,	260.0,	320.0506329113924,	800
46028637,	1537.315578699112,	288.9755980121652,	340.0,	322.253164556962,	820
46920884,	1563.232089996338,	287.0780382109487,	320.0,	340.9620253164557,	780
47792993,	1589.6575651168823,	291.37023438985386,	360.0,	333.54430379746833,	820
48642603,	1614.6229393482208,	303.23321095086845,	460.0,	324.27848101265823,	880
49505023,	1640.329437494278,	320.9098898557816,	680.0,	330.0759493670886,	840
50388241,	1665.656422138214,	311.81890087020344,	340.0,	339.2151898734177,	980
51320041,	1692.6212179660797,	321.6370107831831,	500.0,	358.126582278481,	820
52208106,	1718.1681525707245,	330.4733097048648,	500.0,	336.40506329113924,	840
53098318,	1743.6429889202118,	345.4259787343783,	500.0,	340.0506329113924,	800
53987720,	1769.6620745658875,	348.88338086094046,	440.0,	341.3164556962025,	840
54898708,	1796.728779554367,	352.9950427748464,	480.0,	346.253164556962,	820
55786692,	1823.3165287971497,	359.6955384973618,	420.0,	336.9113924050633,	840
56688070,	1852.5194852352142,	357.7259846476256,	420.0,	343.5189873417722,	800
57617338,	1878.5663964748383,	361.953386182863,	460.0,	356.60759493670884,	800
58534128,	1904.4683256149292,	363.7580475645767,	480.0,	350.1518987341772,	820
59422972,	1930.8807060718536,	368.38224280811903,	520.0,	336.253164556962,	820
60339634,	1958.0206625461578,	377.5440185273071,	460.0,	346.9873417721519,	820
61252795,	1983.9854152202606,	375.7896166745764,	360.0,	348.2025316455696,	780
62193630,	2011.1807849407196,	388.21065500711876,	580.0,	358.30379746835445,	840
63170217,	2038.0598187446594,	412.3895895064069,	660.0,	374.8354430379747,	820
64103470,	2064.683010339737,	394.15063055576616,	360.0,	355.0126582278481,	780
65035957,	2091.328857421875,	376.7355675001895,	280.0,	356.40506329113924,	800
65949605,	2117.143449783325,	387.06201075017054,	500.0,	345.34177215189874,	780
66905887,	2142.9999072551727,	394.35580967515347,	620.0,	364.0759493670886,	820
67838538,	2169.9179537296295,	405.9202287076381,	600.0,	355.9240506329114,	800
68779438,	2195.91233086586,	389.3282058368743,	240.0,	361.26582278481015,	820
69756926,	2222.6450703144073,	390.3953852531869,	620.0,	374.1012658227848,	780
70679857,	2248.6948721408844,	385.3558467278682,	460.0,	351.0379746835443,	820
71616886,	2276.008880853653,	385.8202620550814,	480.0,	358.63291139240505,	820
72530134,	2302.441362142563,	390.23823584957324,	540.0,	352.4810126582278,	820
73461388,	2330.2762472629547,	391.21441226461593,	420.0,	361.0126582278481,	800
74424311,	2358.026381969452,	378.09297103815436,	280.0,	376.7088607594937,	780
75381442,	2385.0523409843445,	372.28367393433894,	320.0,	372.60759493670884,	860
76345696,	2411.0142238140106,	364.05530654090506,	400.0,	374.1518987341772,	820
77220313,	2440.620475769043,	372.64977588681455,	520.0,	318.3544303797468,	820
78074956,	2467.690529823303,	385.3847982981331,	520.0,	311.5189873417722,	800
78980987,	2494.136462211609,	404.84631846831974,	580.0,	335.44303797468353,	820
79880940,	2521.3898315429688,	409.36168662148776,	460.0,	336.9113924050633,	800
80777296,	2548.6695811748505,	412.425517959339,	500.0,	329.36708860759495,	840
81709133,	2577.0780651569366,	412.1829661634051,	460.0,	346.6835443037975,	800
82637933,	2604.380122423172,	407.9646695470646,	460.0,	345.34177215189874,	760
83561348,	2631.1961164474487,	415.16820259235817,	480.0,	344.9873417721519,	960
84495778,	2659.359927177429,	413.65138233312234,	520.0,	350.30379746835445,	820
85401609,	2688.589677333832,	419.2862440998101,	480.0,	336.4810126582278,	820
86308945,	2715.0238308906555,	413.3576196898291,	460.0,	336.0,	800
87183026,	2743.128947019577,	433.0218577208462,	680.0,	324.2025316455696,	780
88065215,	2771.2331836223602,	450.7196719487616,	760.0,	331.69620253164555,	780
88943907,	2798.4250931739807,	435.6477047538854,	340.0,	327.72151898734177,	840
89826149,	2826.141927957535,	446.08293427849685,	600.0,	327.49367088607596,	820
90754954,	2853.2480294704437,	431.4746408506472,	380.0,	355.11392405063293,	800
91657277,	2880.474438905716,	445.32717676558246,	640.0,	348.60759493670884,	780
92536436,	2908.1740839481354,	461.7944590890242,	620.0,	334.73417721518985,	800
93420399,	2934.4433088302612,	466.61501318012176,	560.0,	334.0506329113924,	800
94315479,	2960.8460891246796,	457.9535118621096,	520.0,	338.4810126582278,	840
95218664,	2988.1177427768707,	457.15816067589867,	520.0,	338.7848101265823,	800
96156259,	3015.8479108810425,	436.4423446083088,	320.0,	355.24050632911394,	820
97101078,	3042.9573521614075,	438.7981101474779,	480.0,	358.9113924050633,	940
97999407,	3071.0271124839783,	442.9182991327301,	680.0,	330.8101265822785,	800
98854954,	3099.179562807083,	425.62646921945714,	340.0,	308.1012658227848,	780
99763925,	3127.287350177765,	416.0638222975114,	400.0,	335.34177215189874,	800
100680763,	3155.9670176506042,	421.4574400677603,	580.0,	334.37974683544303,	800
101608618,	3183.094945192337,	422.3116960609842,	440.0,	343.2911392405063,	820
102567151,	3211.2231769561768,	439.0805264548858,	600.0,	359.49367088607596,	780
103559950,	3239.2433111667633,	465.17247380939716,	700.0,	377.3164556962025,	820
104531284,	3267.5083453655243,	482.65522642845747,	640.0,	374.55696202531647,	860
105508016,	3294.5399367809296,	462.3897037856117,	280.0,	373.8481012658228,	860
106492417,	3321.935206890106,	458.1507334070505,	500.0,	372.43037974683546,	820
107476192,	3350.8629400730133,	463.33566006634544,	700.0,	375.2911392405063,	820
108459010,	3379.186425447464,	467.0020940597109,	500.0,	377.36708860759495,	860
109442039,	3407.9761259555817,	464.3018846537398,	500.0,	381.3164556962025,	800
110454910,	3436.6353018283844,	461.87169618836583,	460.0,	394.9367088607595,	980
111466930,	3465.157157897949,	476.6845265695292,	780.0,	391.59493670886076,	800
112462826,	3496.247861146927,	468.0160739125763,	460.0,	381.11392405063293,	820
113449468,	3524.411068677902,	465.2144665213187,	460.0,	382.0,	800
114448519,	3553.3417460918427,	480.6930198691868,	740.0,	389.49367088607596,	880
115474728,	3581.3757090568542,	498.6237178822681,	680.0,	399.11392405063293,	800
116480520,	3610.710494995117,	499.7613460940413,	520.0,	385.72151898734177,	800
117481686,	3638.759868621826,	496.78521148463716,	500.0,	386.6835443037975,	860
118495318,	3667.2907576560974,	501.1066903361734,	540.0,	392.8354430379747,	800
119517515,	3696.2316114902496,	490.9960213025561,	420.0,	399.1898734177215,	820
120539319,	3726.7319328784943,	499.89641917230045,	580.0,	402.88607594936707,	800
121550070,	3755.06294631958,	509.90677725507044,	700.0,	395.54430379746833,	820
122572535,	3784.1298451423645,	510.9160995295634,	520.0,	403.873417721519,	940
123621975,	3813.3634860515594,	513.824489576607,	540.0,	412.75949367088606,	820
124685225,	3841.5304567813873,	510.4420406189463,	680.0,	419.69620253164555,	820
125751920,	3870.874357700348,	513.3978365570516,	620.0,	424.4810126582278,	960
126810965,	3899.229068040848,	523.0580529013464,	780.0,	422.3544303797468,	800
127933310,	3927.3699927330017,	527.7522476112117,	700.0,	451.0886075949367,	860
129030217,	3956.060035467148,	517.9770228500905,	740.0,	444.44303797468353,	1430
130149968,	3984.602730035782,	537.1793205650815,	740.0,	451.7974683544304,	800
131242600,	4015.441311120987,	553.4613885085734,	700.0,	432.60759493670884,	840
132352691,	4044.7740285396576,	556.115249657716,	620.0,	445.0632911392405,	900
133452114,	4073.519741296768,	536.5037246919444,	420.0,	439.7974683544304,	900
134581673,	4103.185795068741,	552.8533522227499,	700.0,	452.50632911392404,	980
135683525,	4132.077204942703,	571.5680170004749,	740.0,	441.69620253164555,	900
136780858,	4161.1282658576965,	560.4112153004274,	480.0,	438.88607594936707,	820
137863767,	4190.586075544357,	567.3700937703848,	680.0,	430.0506329113924,	840
138920907,	4219.34094786644,	573.6330843933463,	780.0,	414.55696202531647,	820
139977750,	4249.005534172058,	564.2697759540116,	500.0,	414.3544303797468,	820
141019951,	4278.148243427277,	551.8427983586105,	520.0,	407.59493670886076,	820
142078899,	4307.758239507675,	547.6585185227494,	540.0,	418.1012658227848,	820
143152280,	4337.103318929672,	540.8926666704745,	480.0,	425.9493670886076,	820
144219972,	4366.624467849731,	540.803400003427,	620.0,	423.34177215189874,	820
145299634,	4397.744714260101,	530.7230600030842,	480.0,	425.5189873417722,	840
146353561,	4427.002111673355,	530.6507540027758,	560.0,	417.1898734177215,	860
147413075,	4456.593055963516,	521.5856786024982,	440.0,	415.1392405063291,	820
148486046,	4486.0992703437805,	529.4271107422484,	600.0,	423.7721518987342,	820
149573901,	4515.897031784058,	534.4843996680236,	600.0,	428.73417721518985,	820
150637574,	4546.076111078262,	545.0359597012213,	640.0,	417.1645569620253,	820
151695080,	4575.833115816116,	545.5323637310992,	700.0,	412.7848101265823,	860
152750025,	4608.48806643486,	539.9791273579892,	560.0,	414.9873417721519,	860
153812989,	4639.346749305725,	540.9812146221904,	700.0,	418.5822784810127,	840
154895306,	4670.159644126892,	542.8830931599713,	720.0,	432.45569620253167,	860
155956097,	4699.592008590698,	514.5947838439741,	260.0,	425.873417721519,	860
157016371,	4730.431667566299,	533.1353054595768,	700.0,	421.62025316455697,	840
158073156,	4760.482919692993,	524.8217749136192,	600.0,	422.30379746835445,	840
159146855,	4789.349704504013,	526.3395974222573,	700.0,	429.873417721519,	840
160207331,	4818.868545055389,	514.7056376800315,	420.0,	426.40506329113924,	840
161287369,	4850.323371171951,	512.2350739120284,	580.0,	434.30379746835445,	860
162336270,	4879.914794921875,	522.0115665208256,	740.0,	419.49367088607596,	840
163391259,	4910.469437599182,	535.810409868743,	700.0,	425.0126582278481,	820
164432156,	4939.756701469421,	543.2293688818687,	660.0,	413.746835443038,	840
165487670,	4970.008426904678,	540.9064319936818,	520.0,	422.17721518987344,	880
166578196,	4999.190629959106,	538.8157887943137,	580.0,	438.0253164556962,	860
167680512,	5029.238151550293,	552.9342099148823,	760.0,	444.9113924050633,	840
168793880,	5060.058757781982,	565.6407889233941,	760.0,	449.7721518987342,	840
169905800,	5090.18477845192,	577.0767100310547,	680.0,	449.2151898734177,	840
171004128,	5121.104691982269,	580.3690390279493,	760.0,	440.0506329113924,	820
172065759,	5150.435820579529,	589.3321351251543,	780.0,	423.8481012658228,	920
173143555,	5180.158782243729,	561.3989216126389,	360.0,	430.0759493670886,	840
174269863,	5212.728178501129,	572.259029451375,	720.0,	455.1645569620253,	840
175372092,	5243.544411420822,	553.0331265062375,	420.0,	444.126582278481,	860
176481915,	5273.431685686111,	553.7298138556138,	740.0,	451.11392405063293,	840
177578153,	5303.014696836472,	566.3568324700524,	720.0,	439.59493670886076,	820
178652345,	5333.075035333633,	567.7211492230472,	580.0,	427.5189873417722,	840
179740289,	5363.086507797241,	558.9490343007425,	480.0,	436.2278481012658,	840
180856751,	5392.652503967285,	563.0541308706682,	600.0,	446.60759493670884,	840
182012846,	5423.548264741898,	548.7487177836015,	420.0,	464.60759493670884,	820
183150434,	5453.214612007141,	548.8738460052414,	720.0,	459.59493670886076,	840
184272764,	5483.895978689194,	549.9864614047173,	560.0,	453.56962025316454,	860
185392789,	5513.729500293732,	542.9878152642456,	560.0,	454.2278481012658,	840
186503568,	5543.763430595398,	554.689033737821,	740.0,	445.49367088607596,	840
187606887,	5573.921414613724,	549.2201303640388,	500.0,	445.0126582278481,	1020
188695438,	5603.602075815201,	536.2981173276349,	520.0,	439.36708860759495,	820
189779404,	5634.325412273407,	524.6683055948714,	560.0,	437.56962025316454,	820
190866912,	5664.089078426361,	522.2014750353843,	540.0,	439.11392405063293,	820
191937785,	5692.812142372131,	506.98132753184586,	480.0,	429.67088607594934,	860
193001395,	5723.428239822388,	502.28319477866125,	460.0,	427.3164556962025,	820
194083651,	5754.643287420273,	492.0548753007951,	540.0,	435.1645569620253,	840
195205155,	5784.388311862946,	481.8493877707156,	500.0,	453.56962025316454,	820
196312505,	5814.266219139099,	479.66444899364404,	460.0,	448.8101265822785,	840
197422295,	5843.615363359451,	495.69800409427967,	800.0,	448.9113924050633,	880
198528941,	5873.560003042221,	513.1282036848517,	740.0,	448.0506329113924,	840
199655872,	5903.6377210617065,	497.8153833163665,	480.0,	453.8481012658228,	860
200748890,	5933.314311027527,	513.0338449847299,	680.0,	437.26582278481015,	820
201861652,	5962.947360277176,	505.7304604862569,	440.0,	449.2151898734177,	860
202955105,	5994.62248134613,	512.1574144376312,	660.0,	435.44303797468353,	840
204060448,	6027.018588066101,	493.9416729938681,	400.0,	442.40506329113924,	840
205154368,	6059.568616390228,	509.5475056944813,	660.0,	434.9873417721519,	860
206242524,	6089.226411819458,	514.5927551250331,	600.0,	433.873417721519,	840
207359939,	6118.904333591461,	502.1334796125298,	460.0,	451.26582278481015,	860
208502227,	6148.50923371315,	504.92013165127685,	540.0,	462.0506329113924,	880
209649907,	6178.381414890289,	504.4281184861492,	560.0,	465.6455696202532,	840
210776229,	6207.975440263748,	499.9853066375343,	580.0,	451.34177215189874,	860
211931236,	6237.72570848465,	517.9867759737808,	680.0,	470.2278481012658,	860
213083536,	6267.940599441528,	516.1880983764028,	560.0,	470.8607594936709,	860
214229013,	6298.640575647354,	513.5692885387625,	540.0,	465.7974683544304,	840
215370943,	6328.420814990997,	515.2123596848862,	620.0,	466.88607594936707,	840
216509682,	6359.975768327713,	507.6911237163976,	440.0,	463.67088607594934,	840
217680232,	6389.79727935791,	514.9220113447578,	580.0,	479.6455696202532,	880
218861302,	6419.934854507446,	499.4298102102821,	360.0,	483.1645569620253,	860
220010582,	6449.831472396851,	499.48682918925385,	520.0,	469.54430379746833,	820
221186852,	6479.850435972214,	511.53814627032847,	640.0,	481.0632911392405,	820
222342664,	6509.664744377136,	496.38433164329564,	360.0,	470.45569620253167,	860
223495869,	6539.016978502274,	510.74589847896607,	640.0,	468.60759493670884,	860
224648365,	6568.747951745987,	506.67130863106945,	620.0,	469.69620253164555,	840
225803780,	6598.876894950867,	519.0041777679625,	680.0,	472.0506329113924,	880
226946191,	6629.007077932358,	521.1037599911663,	680.0,	465.82278481012656,	840
228080711,	6658.600682973862,	516.9933839920496,	480.0,	460.126582278481,	840
229214367,	6689.810910701752,	501.29404559284467,	400.0,	458.55696202531647,	880
230364475,	6719.896126270294,	509.1646410335602,	620.0,	467.3164556962025,	920
231507610,	6749.342596769333,	508.2481769302042,	500.0,	463.39240506329116,	820
232655375,	6780.828549623489,	516.4233592371837,	620.0,	463.4177215189873,	860
233835808,	6810.8352818489075,	520.7810233134653,	720.0,	483.0126582278481,	980
235015211,	6842.715957164764,	521.7029209821188,	560.0,	479.2911392405063,	940
236191485,	6873.034694194794,	532.5326288839069,	700.0,	479.49367088607596,	820
237372043,	6902.881471395493,	532.2793659955162,	560.0,	480.9367088607595,	980
238559829,	6934.99462556839,	533.0514293959645,	540.0,	483.8481012658228,	880
239694991,	6967.097777366638,	531.7462864563681,	760.0,	457.8987341772152,	1040
240837840,	6996.6652572155,	529.5716578107313,	620.0,	465.49367088607596,	920
241983044,	7026.833923101425,	529.6144920296581,	800.0,	468.88607594936707,	860
243139693,	7059.782146930695,	518.6530428266923,	540.0,	473.9746835443038,	1000
244285291,	7090.878825187683,	525.7877385440231,	620.0,	471.69620253164555,	1080
245448938,	7120.800444364548,	518.2089646896208,	460.0,	478.40506329113924,	860
246633411,	7150.83286857605,	522.3880682206586,	640.0,	488.45569620253167,	900
247837101,	7180.62385225296,	516.1492613985928,	480.0,	498.9113924050633,	920
249025187,	7210.51123547554,	534.5343352587336,	780.0,	492.32911392405066,	1020
250214019,	7242.829995632172,	559.0809017328602,	780.0,	492.73417721518985,	980
251373696,	7272.957938671112,	549.1728115595741,	520.0,	480.2278481012658,	820
252555930,	7304.078364372253,	548.2555304036167,	620.0,	487.1392405063291,	860
253737195,	7333.914599895477,	551.429977363255,	620.0,	486.253164556962,	860
254925543,	7363.575493097305,	542.2869796269296,	460.0,	489.8481012658228,	860
256125041,	7394.561141967773,	562.0582816642366,	740.0,	494.9620253164557,	1040
257300975,	7424.295853853226,	539.8524534978129,	340.0,	487.24050632911394,	980
258476906,	7456.116070508957,	531.8672081480316,	460.0,	487.5189873417722,	1320
259669015,	7487.149711847305,	534.6804873332285,	720.0,	493.82278481012656,	840
260850316,	7516.936052083969,	551.2124385999057,	760.0,	488.2278481012658,	860
262034175,	7546.603997468948,	554.0911947399151,	680.0,	489.0886075949367,	1040
263221199,	7576.625454902649,	547.6820752659236,	520.0,	491.7974683544304,	840
264434135,	7606.884281873703,	550.9138677393312,	720.0,	501.8987341772152,	840
265644739,	7636.968501091003,	571.8224809653981,	760.0,	500.9873417721519,	860
266871825,	7667.25163936615,	572.6402328688582,	580.0,	507.746835443038,	1100
268076670,	7699.317021608353,	573.3762095819724,	580.0,	499.26582278481015,	840
269267999,	7729.089800596237,	584.0385886237751,	680.0,	489.72151898734177,	840
270461587,	7759.032698869705,	565.6347297613976,	420.0,	492.126582278481,	880
271622296,	7789.015839338303,	559.0712567852578,	500.0,	476.75949367088606,	840
272779608,	7818.948257923126,	565.164131106732,	620.0,	472.1012658227848,	840
273947703,	7851.448056936264,	554.6477179960589,	640.0,	478.0,	880
275148763,	7881.524817943573,	565.182946196453,	720.0,	495.4177215189873,	840
276372397,	7912.521602869034,	565.6646515768077,	580.0,	503.8481012658228,	840
277586178,	7942.366319894791,	567.0981864191269,	760.0,	499.82278481012656,	880
278848728,	7974.472619056702,	564.3883677772143,	600.0,	522.506329113924,	1060
280113106,	8004.3854367733,	570.9495309994928,	660.0,	527.6962025316456,	1000
281371958,	8037.511460781097,	564.8545778995435,	540.0,	524.8607594936709,	880
282630852,	8067.788445472717,	566.3691201095892,	580.0,	522.8354430379746,	860
283867428,	8098.273615598679,	552.7322080986303,	580.0,	512.9873417721519,	1000
285141018,	8128.576848745346,	549.4589872887673,	520.0,	531.8227848101266,	1200
286412297,	8159.014851331711,	567.5130885598905,	740.0,	530.8101265822785,	840
287682334,	8190.364106178284,	562.7617797039015,	580.0,	530.9113924050633,	860
288921014,	8220.498530626297,	551.4856017335114,	620.0,	514.5822784810126,	900
290127078,	8251.310480594635,	548.3370415601603,	620.0,	499.46835443037975,	860
291352778,	8282.065413236618,	559.5033374041443,	760.0,	509.46835443037975,	840
292558970,	8312.735897302628,	564.5530036637299,	620.0,	501.3164556962025,	880
293768567,	8342.877384185791,	552.0977032973569,	440.0,	502.0253164556962,	840
294958848,	8373.128827810287,	559.8879329676213,	660.0,	491.34177215189874,	860
296147425,	8403.099196195602,	536.8991396708592,	420.0,	491.0379746835443,	840
297347089,	8435.693525791168,	544.2092257037733,	760.0,	497.82278481012656,	840
298548193,	8467.696756601334,	528.788303133396,	560.0,	499.59493670886076,	840
299760891,	8497.901624679565,	546.9094728200564,	720.0,	504.50632911392404,	940
300990407,	8529.145315885544,	544.2185255380508,	620.0,	509.1392405063291,	860
302189822,	8559.27923154831,	541.7966729842458,	520.0,	498.50632911392404,	840
303414678,	8591.065734148026,	543.6170056858213,	660.0,	510.2025316455696,	860
304617262,	8623.5922601223,	547.2553051172391,	580.0,	499.11392405063293,	840
305801596,	8653.612168312073,	564.5297746055152,	760.0,	489.49367088607596,	860
306982174,	8686.213190555573,	568.0767971449636,	640.0,	487.0126582278481,	840
308178530,	8716.747435808182,	568.2691174304673,	680.0,	494.43037974683546,	860
309389847,	8747.326797008514,	575.4422056874206,	640.0,	502.50632911392404,	860
310585687,	8777.802224874496,	589.8979851186785,	720.0,	495.24050632911394,	880
311797338,	8809.524691343307,	610.9081866068107,	800.0,	503.9746835443038,	840
313021323,	8839.734503984451,	618.8173679461296,	700.0,	510.45569620253167,	860
314252786,	8869.942147731781,	609.9356311515166,	600.0,	511.1392405063291,	860
315495268,	8901.117899417877,	595.942068036365,	600.0,	518.1012658227849,	880
316727842,	8931.226601839066,	585.3478612327285,	540.0,	515.0632911392405,	880
317959518,	8962.53220629692,	572.8130751094557,	460.0,	515.7215189873418,	1000
319186982,	8994.436374425888,	559.5317675985101,	440.0,	514.3037974683544,	880
320370621,	9024.652513504028,	547.5785908386591,	560.0,	495.11392405063293,	860
321581956,	9055.102223157883,	527.8207317547932,	420.0,	503.7974683544304,	860
322805731,	9085.17071890831,	526.0386585793138,	560.0,	512.5316455696203,	880
324030223,	9116.853436470032,	527.4347927213825,	620.0,	512.4810126582279,	860
325255866,	9147.202104330063,	516.6913134492443,	520.0,	513.3924050632911,	860
326516710,	9177.965463399887,	509.0221821043198,	440.0,	532.506329113924,	860
327753029,	9209.638251543045,	502.11996389388787,	540.0,	519.620253164557,	1000
328984522,	9241.896297931671,	513.9079675044991,	680.0,	519.6962025316456,	920
330205229,	9274.153167247772,	513.5171707540492,	560.0,	515.5189873417721,	880
331434263,	9304.507933139801,	525.1654536786442,	740.0,	514.7848101265823,	860
332664370,	9336.336936235428,	521.6489083107798,	540.0,	516.2278481012659,	880
333885969,	9366.80443072319,	509.48401747970183,	400.0,	509.54430379746833,	840
335109504,	9397.794475078583,	525.5356157317317,	740.0,	506.75949367088606,	840
336346141,	9430.216641426086,	528.9820541585585,	680.0,	517.6455696202531,	860
337559867,	9460.091455459595,	512.0838487427027,	420.0,	509.746835443038,	880
338702994,	9490.843810796738,	496.87546386843246,	420.0,	476.8354430379747,	880
339863231,	9520.821807384491,	507.18791748158924,	700.0,	484.9367088607595,	880
341068502,	9551.086218357086,	499.4691257334303,	620.0,	507.9746835443038,	880
342290613,	9583.415688991547,	507.5222131600873,	620.0,	515.5696202531645,	880
343491594,	9614.073202610016,	505.76999184407856,	680.0,	508.0,	880
344713275,	9644.397164583206,	508.1929926596707,	580.0,	515.7215189873418,	880
345909053,	9676.10448217392,	487.37369339370366,	480.0,	503.7974683544304,	940
347114121,	9706.263487815857,	470.6363240543333,	360.0,	507.1645569620253,	840
348295834,	9737.011450767517,	469.57269164889993,	460.0,	496.1518987341772,	880
349504467,	9767.115828037262,	471.61542248400997,	640.0,	509.4177215189873,	980
350671225,	9797.909888505936,	466.45388023560895,	420.0,	488.1012658227848,	840
351840128,	9829.252740621567,	470.80849221204807,	580.0,	488.2278481012658,	860
353031379,	9859.086587667465,	470.72764299084326,	500.0,	500.1012658227848,	960
354234280,	9889.753334522247,	471.65487869175894,	520.0,	504.6835443037975,	900
355470622,	9919.786975622177,	471.48939082258306,	540.0,	517.6708860759494,	1100
356685157,	9949.571901321411,	476.34045174032474,	520.0,	507.34177215189874,	860
357851134,	9979.587967157364,	468.7064065662923,	400.0,	484.63291139240505,	960
359018745,	10009.634447336197,	480.83576590966305,	740.0,	484.55696202531647,	860
360217888,	10039.535063505173,	480.75218931869676,	480.0,	500.17721518987344,	860
361455989,	10069.818062782288,	506.67697038682707,	740.0,	517.2405063291139,	880
362660625,	10099.867252111435,	498.00927334814435,	420.0,	501.39240506329116,	880
363826119,	10129.941027402878,	487.2083460133299,	500.0,	484.1518987341772,	860
365018010,	10161.68756222725,	488.48751141199693,	500.0,	497.0886075949367,	860
366206463,	10193.088119745255,	484.63876027079726,	540.0,	495.26582278481015,	880
367436042,	10223.69906282425,	486.17488424371754,	600.0,	515.2658227848101,	940
368656295,	10255.1782579422,	478.5573958193458,	560.0,	508.9873417721519,	860
369873718,	10285.225689649582,	476.7016562374112,	600.0,	506.253164556962,	900
371073983,	10315.2515873909,	457.0314906136701,	340.0,	499.59493670886076,	900
372311621,	10345.096612930298,	469.3283415523031,	640.0,	517.6962025316456,	900
373535538,	10375.098216056824,	476.3955073970728,	540.0,	512.2784810126582,	860
374763599,	10406.110896587372,	482.7559566573655,	600.0,	510.126582278481,	860
376009777,	10436.438836812973,	508.48036099162897,	740.0,	519.0126582278481,	880
377252098,	10467.128306388855,	499.63232489246604,	460.0,	516.3291139240506,	860
378483219,	10497.637569665909,	504.66909240321945,	600.0,	512.253164556962,	880
379732000,	10527.835033655167,	509.2021831628975,	560.0,	522.1012658227849,	860
381015484,	10560.974043369293,	499.2819648466077,	640.0,	538.379746835443,	960
382281582,	10592.933443069458,	502.35376836194695,	580.0,	526.5316455696203,	860
383537023,	10623.975603580475,	515.1183915257523,	760.0,	524.9113924050633,	860
384799613,	10654.77255988121,	525.606552373177,	760.0,	525.2405063291139,	940
386036531,	10686.839760065079,	537.0458971358593,	720.0,	517.5443037974684,	880
387264388,	10717.562440872192,	520.3413074222733,	380.0,	513.873417721519,	920
388494181,	10747.985888719559,	521.3071766800459,	600.0,	513.367088607595,	880
389758666,	10778.407567739487,	534.1764590120413,	680.0,	530.6582278481013,	880
391007298,	10809.827317476273,	548.7588131108371,	680.0,	521.9240506329114,	840
392253206,	10840.183094739914,	551.8829317997534,	680.0,	521.6708860759494,	900
393482833,	10869.953667402267,	538.6946386197781,	420.0,	511.44303797468353,	940
394721921,	10901.803974151611,	527.8251747578003,	460.0,	517.6962025316456,	880
395974188,	10931.900160551071,	523.0426572820202,	540.0,	523.4430379746835,	880
397211891,	10963.726318836212,	536.7383915538181,	760.0,	516.8860759493671,	880
398458290,	10996.25596499443,	519.0645523984363,	360.0,	518.3291139240506,	880
399707622,	11026.322322845459,	514.1580971585927,	560.0,	519.4430379746835,	880
400961695,	11056.684923648834,	515.7422874427334,	600.0,	521.873417721519,	900
402208271,	11087.450845956802,	524.1680586984601,	660.0,	518.0,	860
403448764,	11118.9042263031,	528.751252828614,	620.0,	515.2405063291139,	860
404677942,	11149.466482162476,	521.8761275457526,	540.0,	511.6455696202532,	920
405906965,	11179.852712154388,	531.6885147911773,	620.0,	511.11392405063293,	1020
407167086,	11211.055999279022,	530.5196633120596,	540.0,	524.0,	980
408405482,	11242.942232847214,	530.4676969808536,	680.0,	517.2911392405064,	860
409641028,	11274.882534265518,	540.4209272827683,	700.0,	519.0632911392405,	980
410912087,	11305.118456840515,	546.3788345544915,	620.0,	536.7848101265823,	900
412192911,	11338.30075788498,	540.7409510990424,	560.0,	542.1772151898734,	920
413509073,	11368.931620836258,	534.6668559891382,	520.0,	559.3924050632911,	1000
414810472,	11399.701771259308,	527.2001703902243,	600.0,	549.9493670886076,	1040
416108441,	11429.969717741013,	524.4801533512019,	760.0,	549.0126582278481,	860
417422291,	11460.911474466324,	531.0321380160817,	740.0,	556.4810126582279,	1280
418751386,	11491.25688624382,	543.9289242144736,	760.0,	563.746835443038,	1080
420078093,	11523.969110250473,	564.5360317930263,	760.0,	561.9746835443038,	920
421403110,	11555.821742296219,	561.0824286137237,	620.0,	558.3291139240506,	1000
422723820,	11586.941576004028,	564.9741857523513,	620.0,	557.7215189873418,	920
424060209,	11618.700111865997,	582.4767671771162,	740.0,	564.9367088607595,	920
425408043,	11648.989449739456,	582.2290904594046,	620.0,	571.7215189873418,	1300
426768839,	11679.6613779068,	577.0061814134641,	600.0,	579.6962025316456,	1240
428147366,	11709.974046468735,	583.3055632721178,	660.0,	583.1898734177215,	880
429547798,	11740.3843460083,	569.975006944906,	560.0,	596.3291139240506,	1060
430957241,	11770.802190065384,	580.9775062504154,	680.0,	597.5443037974684,	880
432370292,	11801.63796877861,	577.879755625374,	600.0,	600.5822784810126,	1060
433781264,	11832.201112747192,	574.0917800628365,	680.0,	596.1012658227849,	1000
435201992,	11863.941248893738,	540.6826020565529,	300.0,	596.9620253164557,	940
436597141,	11894.095035552979,	545.6143418508976,	740.0,	590.9873417721519,	1020
437957321,	11924.401944875717,	543.0529076658079,	520.0,	579.5189873417721,	1100
439322581,	11955.775814294815,	517.7476168992271,	320.0,	576.3037974683544,	960
440651092,	11985.953193187714,	501.9728552093044,	620.0,	562.2784810126582,	900
441985850,	12016.0660738945,	511.77556968837393,	620.0,	563.4430379746835,	900
443145219,	12045.61864733696,	508.59801271953654,	480.0,	472.37974683544303,	920
444300775,	12076.149088382721,	470.7382114475829,	160.0,	473.0379746835443,	860
445440359,	12107.420642614365,	431.66439030282464,	120.0,	463.7974683544304,	860
446596077,	12137.236976861954,	394.4979512725422,	80.0,	471.11392405063293,	880
447755532,	12167.524469137192,	371.048156145288,	200.0,	474.17721518987344,	880
448921379,	12197.335487604141,	354.9433405307592,	260.0,	479.11392405063293,	1040
450089062,	12227.01147890091,	333.44900647768327,	200.0,	478.5822784810127,	940
451250205,	12256.890435695648,	316.10410582991494,	220.0,	476.4810126582278,	1000
452404137,	12287.625240564346,	299.4936952469235,	180.0,	475.1898734177215,	860
453563992,	12318.404954910278,	287.5443257222312,	180.0,	475.67088607594934,	980
454713688,	12348.463910579681,	289.7898931500081,	320.0,	472.8101265822785,	880
455859989,	12379.476747274399,	281.81090383500725,	280.0,	470.2025316455696,	860
457005087,	12409.385627746582,	278.62981345150655,	360.0,	466.2025316455696,	880
458171425,	12439.94475531578,	271.7668321063559,	240.0,	478.7088607594937,	880
459326743,	12469.950961828232,	274.5901488957203,	360.0,	477.69620253164555,	880
460470366,	12499.982735872269,	275.1311340061483,	280.0,	474.7848101265823,	1020
461634024,	12533.071246862411,	255.61802060553345,	80.0,	480.32911392405066,	900
462802465,	12563.168933868408,	252.0562185449801,	220.0,	480.0506329113924,	1040
463945590,	12596.454942703247,	226.8505966904821,	0.0,	471.746835443038,	960
465107459,	12626.286831378937,	226.1655370214339,	340.0,	485.34177215189874,	1000
466239731,	12658.632217645645,	225.5489833192905,	240.0,	471.67088607594934,	1020
467367515,	12689.169943094254,	222.99408498736145,	200.0,	469.82278481012656,	1000
468539476,	12722.294348239899,	218.6946764886253,	240.0,	488.6835443037975,	1000
469726948,	12752.251157283783,	218.82520883976278,	260.0,	498.126582278481,	1020
470902134,	12785.409134864807,	216.9426879557865,	200.0,	493.26582278481015,	960
472028568,	12815.438119649887,	213.24841916020785,	180.0,	469.46835443037975,	960
473200004,	12846.066879987717,	208.92357724418707,	220.0,	490.32911392405066,	860
474383917,	12877.333732366562,	209.03121951976837,	220.0,	495.44303797468353,	860
475574761,	12908.671303033829,	220.12809756779154,	420.0,	501.0126582278481,	920
476752907,	12939.31625175476,	232.11528781101237,	340.0,	497.0886075949367,	880
477946331,	12972.062586545944,	219.90375902991113,	120.0,	503.34177215189874,	1000
479148448,	13002.216463565826,	240.91338312692002,	480.0,	507.54430379746833,	1140
480340573,	13033.381656646729,	256.822044814228,	400.0,	504.9113924050633,	1000
481518768,	13064.692249774933,	259.1398403328052,	280.0,	501.0379746835443,	940
482661497,	13094.632331848145,	256.22585629952465,	240.0,	482.0253164556962,	900
483793620,	13126.00529384613,	256.60327066957217,	280.0,	476.9620253164557,	920
484908092,	13155.784848451614,	251.94294360261495,	280.0,	469.82278481012656,	920
486017568,	13186.640685081482,	252.74864924235345,	360.0,	469.11392405063293,	940
487125752,	13217.015070199966,	243.4737843181181,	200.0,	469.39240506329116,	880
488243013,	13248.31112241745,	237.1264058863063,	200.0,	473.69620253164555,	880
489342454,	13278.352886676788,	224.41376529767567,	140.0,	462.5822784810127,	920
490427838,	13310.77933216095,	224.97238876790811,	300.0,	454.0,	940
491506986,	13341.050546646118,	227.4751498911173,	260.0,	452.63291139240505,	900
492582317,	13371.514052391052,	231.72763490200558,	480.0,	451.0379746835443,	900
493667735,	13401.584712982178,	220.55487141180504,	120.0,	451.72151898734177,	880
494761884,	13432.410720586777,	214.49938427062455,	160.0,	454.9367088607595,	880
495874804,	13463.164364099503,	219.0494458435621,	280.0,	465.2151898734177,	880
496991045,	13495.639354467392,	221.1445012592059,	420.0,	466.53164556962025,	900
498106945,	13525.86290049553,	214.03005113328533,	160.0,	465.6455696202532,	900
499239810,	13555.900439739227,	230.6270460199568,	380.0,	472.88607594936707,	880
500400594,	13586.134250879288,	243.56434141796112,	360.0,	484.9620253164557,	900
501542237,	13618.328948259354,	249.207907276165,	300.0,	476.0506329113924,	900
502680772,	13648.416059494019,	244.2871165485485,	240.0,	474.1012658227848,	980
503815679,	13679.77673792839,	242.85840489369366,	340.0,	473.8987341772152,	900
504934463,	13709.526354312897,	243.57256440432428,	340.0,	467.1392405063291,	880
506042703,	13739.475980043411,	250.21530796389186,	400.0,	462.55696202531647,	900
507161104,	13769.594420671463,	251.19377716750267,	260.0,	467.4177215189873,	1160
508259174,	13800.437720775604,	252.0743994507524,	260.0,	457.7721518987342,	900
509376431,	13830.312458992004,	240.86695950567716,	160.0,	465.873417721519,	920
510477822,	13860.186272621155,	246.78026355510946,	380.0,	457.4177215189873,	880
511531645,	13889.87262558937,	236.1022371995985,	180.0,	437.49367088607596,	920
512586399,	13920.081168174744,	221.49201347963867,	140.0,	437.2151898734177,	880
513641840,	13949.582836151123,	219.3428121316748,	280.0,	435.0126582278481,	900
514686131,	13982.661830663681,	212.40853091850732,	180.0,	430.126582278481,	880
515736542,	14012.98554944992,	198.1676778266566,	100.0,	430.75949367088606,	920
516789400,	14044.013912200928,	187.35091004399095,	100.0,	434.9620253164557,	880
517865783,	14074.384369850159,	176.61581903959186,	80.0,	448.30379746835445,	900
518915455,	14104.5260784626,	158.95423713563267,	0.0,	434.8101265822785,	900
519969499,	14134.210059404373,	161.0588134220694,	200.0,	437.0632911392405,	900
521059952,	14164.266995668411,	164.95293207986245,	200.0,	456.126582278481,	940
522158207,	14194.408838033676,	158.4576388718762,	100.0,	458.8354430379747,	920
523253332,	14224.431475400925,	158.6118749846886,	160.0,	456.1518987341772,	880
524358330,	14254.29220366478,	158.75068748621973,	180.0,	462.2278481012658,	880
525453331,	14284.301744699478,	149.87561873759776,	80.0,	455.56962025316454,	900
526564510,	14315.019174098969,	142.888056863838,	100.0,	466.73417721518985,	880
527652150,	14347.064440011978,	154.5992511774542,	380.0,	456.8607594936709,	900
528732343,	14378.283732175827,	163.13932605970876,	240.0,	454.17721518987344,	940
529812014,	14408.439618349075,	163.8253934537379,	180.0,	452.126582278481,	900
530846631,	14439.103643417358,	161.4428541083641,	160.0,	418.7088607594937,	900
531872471,	14470.940799713135,	165.29856869752768,	240.0,	414.1518987341772,	880
532893978,	14502.77788233757,	183.76871182777492,	360.0,	414.43037974683546,	880
533894672,	14532.245763540268,	187.39184064499744,	220.0,	406.0253164556962,	900
534894437,	14562.711705446243,	185.6526565804977,	280.0,	403.0379746835443,	900
535927803,	14595.37309718132,	195.08739092244792,	280.0,	422.0,	900
536966932,	14625.67357826233,	201.5786518302031,	300.0,	424.8354430379747,	900
538004028,	14656.483013629913,	202.4207866471828,	220.0,	425.0632911392405,	940
539036202,	14686.319494009018,	200.17870798246452,	200.0,	424.27848101265823,	880
540082504,	14718.691322088242,	203.16083718421805,	240.0,	429.54430379746833,	880
541122845,	14750.944114208221,	213.84475346579626,	380.0,	424.37974683544303,	900
542192092,	14783.958517551422,	220.46027811921664,	300.0,	439.2911392405063,	880
543253849,	14814.581416845322,	232.414250307295,	380.0,	434.43037974683546,	1060
544301828,	14846.239171981812,	235.1728252765655,	260.0,	427.9746835443038,	880
545386972,	14878.351447582245,	232.65554274890894,	240.0,	444.1012658227848,	900
546469895,	14910.462180137634,	241.38998847401803,	360.0,	447.7974683544304,	900
547534898,	14941.16396021843,	257.2509896266162,	440.0,	438.65822784810126,	900
548600403,	14971.789062976837,	254.52589066395458,	300.0,	436.37974683544303,	880
549655285,	15003.979647874832,	259.0733015975591,	300.0,	431.46835443037975,	880
550695964,	15035.038353204727,	256.1659714378032,	240.0,	425.9493670886076,	900
551737447,	15065.900999069214,	243.54937429402287,	180.0,	426.0,	900
552770956,	15095.78009223938,	256.19443686462057,	420.0,	421.7721518987342,	920
553812615,	15126.992971658707,	248.57499317815854,	180.0,	426.1518987341772,	900
554863542,	15156.864623308182,	241.7174938603427,	220.0,	433.44303797468353,	920
555903269,	15186.687744140625,	238.54574447430844,	280.0,	428.0253164556962,	920
556949219,	15217.42496752739,	248.6911700268776,	340.0,	428.0759493670886,	900
557968955,	15250.011997938156,	251.8220530241898,	300.0,	417.4177215189873,	900
559005015,	15281.007736682892,	240.63984772177082,	140.0,	426.63291139240505,	880
560050598,	15311.070832967758,	226.57586294959373,	100.0,	430.3544303797468,	880
561088801,	15342.724988937378,	217.91827665463435,	140.0,	425.0126582278481,	880
562111340,	15373.148415088654,	218.1264489891709,	300.0,	419.9746835443038,	900
563155771,	15406.035616636276,	213.31380409025383,	220.0,	429.72151898734177,	880
564163952,	15435.747314453125,	210.98242368122845,	260.0,	412.43037974683546,	900
565174747,	15468.172812700272,	204.8841813131056,	160.0,	409.7721518987342,	880
566221699,	15497.915781497955,	228.39576318179505,	440.0,	428.9367088607595,	880
567267301,	15528.021121025085,	228.55618686361555,	260.0,	430.2025316455696,	900
568288207,	15561.287620306015,	224.700568177254,	240.0,	414.9873417721519,	900
569295435,	15590.997699022293,	214.23051135952863,	120.0,	412.75949367088606,	900
570308476,	15623.850099086761,	217.80746022357576,	280.0,	414.40506329113924,	880
571328288,	15656.35917210579,	217.02671420121817,	240.0,	418.7848101265823,	900
572361242,	15686.171448469162,	218.32404278109635,	260.0,	425.26582278481015,	880
573402375,	15718.867846012115,	226.49163850298672,	340.0,	428.73417721518985,	900
574466351,	15751.671181440353,	227.84247465268805,	240.0,	442.75949367088606,	920
575497607,	15781.73132276535,	220.05822718741925,	160.0,	427.67088607594934,	920
576534104,	15812.861716270447,	221.0524044686773,	300.0,	426.0253164556962,	900
577566004,	15842.854693889618,	215.94716402180958,	180.0,	424.45569620253167,	900
578585763,	15874.834255933762,	217.35244761962863,	260.0,	417.0126582278481,	920
579593853,	15904.562998533249,	213.61720285766577,	220.0,	410.8607594936709,	900
580595296,	15934.225848436356,	211.2554825718992,	200.0,	408.7848101265823,	900
581610479,	15966.755724430084,	220.12993431470926,	300.0,	412.9873417721519,	900
582634338,	16000.294786930084,	216.11694088323833,	220.0,	417.873417721519,	940
583677818,	16030.230033159256,	208.5052467949145,	140.0,	428.88607594936707,	880
584694778,	16059.863911867142,	207.65472211542306,	260.0,	415.26582278481015,	900
585742988,	16089.864362001419,	208.88924990388074,	280.0,	430.9113924050633,	880
586788137,	16120.59036564827,	209.00032491349268,	240.0,	432.0253164556962,	880
587800361,	16150.601204156876,	214.1002924221434,	280.0,	414.63291139240505,	940
588806834,	16180.706769227982,	216.69026317992908,	260.0,	411.746835443038,	920
589807878,	16210.771697998047,	227.02123686193616,	340.0,	410.75949367088606,	940
590801807,	16240.515913248062,	222.31911317574253,	180.0,	403.8481012658228,	900
591825855,	16270.785781145096,	226.08720185816827,	260.0,	419.5189873417722,	920
592852506,	16302.064491033554,	220.47848167235145,	240.0,	420.63291139240505,	900
593878284,	16332.294959783554,	216.4306335051163,	240.0,	420.8607594936709,	900
594877855,	16362.670712709427,	214.78757015460468,	240.0,	410.7848101265823,	900
595880327,	16392.8781542778,	223.3088131391442,	340.0,	408.27848101265823,	940
596903183,	16423.611365795135,	231.9779318252298,	460.0,	419.5189873417722,	880
597945568,	16455.821069955826,	249.78013864270682,	480.0,	430.126582278481,	880
599008981,	16485.794813394547,	278.8021247784361,	540.0,	439.1645569620253,	920
600055873,	16515.818780899048,	278.9219123005925,	280.0,	433.1898734177215,	920
601110055,	16545.65783405304,	297.02972107053324,	620.0,	432.2025316455696,	900
602158574,	16575.92668581009,	288.32674896347993,	280.0,	431.0886075949367,	900
603201665,	16605.94013595581,	284.4940740671319,	320.0,	426.73417721518985,	900
604227294,	16636.27548456192,	288.0446666604187,	340.0,	416.37974683544303,	900
605250018,	16666.799078464508,	292.24019999437684,	400.0,	416.50632911392404,	880
606272823,	16698.173634290695,	286.01617999493914,	320.0,	418.63291139240505,	900
607310756,	16728.36274290085,	291.41456199544524,	380.0,	425.1392405063291,	880
608338963,	16758.54461145401,	291.27310579590073,	500.0,	425.82278481012656,	920
609358877,	16789.050721406937,	286.14579521631066,	240.0,	414.65822784810126,	900
610365590,	16819.72992348671,	283.5312156946796,	300.0,	413.49367088607596,	920
611378427,	16850.226217746735,	267.1780941252116,	120.0,	420.7088607594937,	880
612412412,	16880.116325855255,	257.46028471269045,	200.0,	431.72151898734177,	900
613446442,	16912.325468063354,	248.71425624142142,	240.0,	428.2278481012658,	880
614505852,	16943.358439683914,	257.8428306172793,	340.0,	441.9240506329114,	940
615566051,	16973.42378425598,	260.05854755555134,	280.0,	443.26582278481015,	920
616617572,	17003.181040287018,	254.0526927999962,	200.0,	438.8101265822785,	920
617667374,	17033.26980948448,	235.64742351999658,	100.0,	437.6455696202532,	900
618728884,	17063.702602148056,	227.08268116799692,	260.0,	443.4177215189873,	920
619789325,	17093.768689870834,	223.37441305119722,	300.0,	445.4177215189873,	900
620814356,	17124.96024465561,	221.0369717460775,	220.0,	426.8607594936709,	900
621868999,	17155.784549474716,	207.93327457146978,	120.0,	441.9240506329114,	900
622901368,	17185.78491950035,	207.1399471143228,	200.0,	431.873417721519,	920
623920766,	17215.686408519745,	194.42595240289052,	80.0,	426.8607594936709,	920
624965038,	17247.271668195724,	208.98335716260146,	340.0,	439.9746835443038,	900
626036359,	17277.30250287056,	209.08502144634133,	280.0,	450.6835443037975,	920
627086348,	17309.513415813446,	210.1765193017072,	220.0,	441.39240506329116,	940
628131548,	17340.13206934929,	220.15886737153647,	420.0,	434.9367088607595,	940
629186076,	17371.669883966446,	217.14298063438284,	300.0,	440.65822784810126,	900
630221499,	17403.432071447372,	221.42868257094455,	360.0,	430.5822784810127,	900
631295655,	17433.52714586258,	217.2858143138501,	220.0,	450.37974683544303,	920
632353487,	17464.926208019257,	229.5572328824651,	340.0,	439.39240506329116,	880
633397425,	17495.57015800476,	224.60150959421858,	180.0,	433.0886075949367,	920
634455453,	17525.937973976135,	227.14135863479672,	300.0,	439.62025316455697,	880
635522290,	17555.692392349243,	224.42722277131705,	220.0,	444.7848101265823,	900
636611901,	17586.2289249897,	228.98450049418534,	300.0,	455.873417721519,	900
637673565,	17615.88986492157,	239.08605044476678,	480.0,	439.9493670886076,	900
638779903,	17646.6782310009,	257.17744540029014,	420.0,	463.11392405063293,	880
639893246,	17676.808156728745,	248.45970086026114,	180.0,	467.0126582278481,	880
640981192,	17706.70031094551,	248.61373077423502,	320.0,	451.6455696202532,	900
642095969,	17737.42530465126,	247.75235769681152,	260.0,	464.8354430379747,	920
643245210,	17767.349057912827,	252.97712192713036,	300.0,	478.53164556962025,	880
644423255,	17797.576837539673,	244.67940973441733,	300.0,	491.49367088607596,	880
645606887,	17827.74202132225,	230.2114687609756,	100.0,	493.56962025316454,	900
646765725,	17860.158731222153,	242.19032188487805,	500.0,	482.63291139240505,	900
647926116,	17891.447337150574,	241.97128969639024,	240.0,	484.1518987341772,	900
649068963,	17921.72065639496,	246.77416072675123,	440.0,	474.63291139240505,	880
650216919,	17951.860490083694,	245.0967446540761,	280.0,	475.1645569620253,	900
651388972,	17984.371692180634,	249.5870701886685,	360.0,	487.49367088607596,	880
652528149,	18014.961557388306,	251.62836316980164,	360.0,	473.9240506329114,	900
653636298,	18046.1183719635,	265.4655268528215,	600.0,	456.2025316455696,	880
654730217,	18076.411490678787,	253.91897416753932,	160.0,	450.1012658227848,	880
655824456,	18106.446157693863,	248.5270767507854,	260.0,	450.17721518987344,	880
656897650,	18136.2866461277,	238.67436907570686,	200.0,	443.54430379746833,	880
657977916,	18168.39296221733,	245.80693216813617,	540.0,	445.36708860759495,	880
659033335,	18199.54466366768,	241.22623895132256,	200.0,	435.44303797468353,	900
660090521,	18231.526055574417,	248.1036150561903,	400.0,	437.0126582278481,	880
661144384,	18261.745928049088,	236.29325355057128,	160.0,	434.9113924050633,	880
662248817,	18292.460530757904,	236.66392819551416,	240.0,	459.36708860759495,	900
663341182,	18323.90903544426,	230.99753537596274,	300.0,	454.5822784810127,	880
664445344,	18354.462209701538,	237.89778183836646,	520.0,	460.5822784810127,	880
665564677,	18384.719392061234,	230.1080036545298,	160.0,	465.746835443038,	900
666672518,	18415.15749168396,	229.09720328907682,	220.0,	459.39240506329116,	880
667782505,	18445.93301177025,	218.18748296016912,	140.0,	460.53164556962025,	880
668902382,	18478.38481283188,	211.3687346641522,	160.0,	466.7848101265823,	880
670032183,	18509.95831656456,	210.231861197737,	200.0,	469.46835443037975,	900
671133566,	18539.954195022583,	230.2086750779633,	420.0,	459.7721518987342,	920
672258821,	18569.930616378784,	245.18780757016697,	380.0,	469.8987341772152,	900
673411097,	18601.2184176445,	242.66902681315028,	220.0,	482.7848101265823,	880
674561751,	18632.315507650375,	231.40212413183525,	160.0,	481.6455696202532,	880
675740927,	18662.979293823242,	220.26191171865173,	120.0,	496.73417721518985,	880
676916188,	18696.056584835052,	215.23572054678655,	240.0,	493.56962025316454,	900
678102615,	18726.163617134094,	223.7121484921079,	300.0,	499.8481012658228,	900
679316450,	18758.363711595535,	226.3409336428971,	380.0,	510.8101265822785,	880
680506125,	18789.675646543503,	217.7068402786074,	180.0,	499.7974683544304,	880
681754892,	18822.009134054184,	208.93615625074665,	160.0,	526.0506329113924,	880
683010700,	18852.478325128555,	223.04254062567196,	440.0,	526.379746835443,	880
684276003,	18883.845178365707,	222.73828656310477,	320.0,	529.5189873417721,	900
685550115,	18916.66971063614,	220.46445790679428,	260.0,	533.6962025316456,	880
686813127,	18949.274986982346,	228.41801211611485,	340.0,	528.6835443037975,	880
688089549,	18982.396277666092,	219.57621090450337,	180.0,	533.5696202531645,	880
689356110,	19015.18146276474,	222.61858981405302,	320.0,	530.2025316455696,	880
690626664,	19045.874029159546,	246.3567308326477,	460.0,	531.3924050632911,	880
691897317,	19076.124584913254,	240.72105774938294,	200.0,	530.0,	880
693157470,	19108.631057739258,	224.64895197444466,	80.0,	522.632911392405,	940
694423549,	19139.269926309586,	214.1840567770002,	120.0,	528.9367088607595,	900
695690446,	19169.47696018219,	210.7656510993002,	180.0,	527.1392405063291,	860
696961471,	19201.043373823166,	228.68908598937017,	540.0,	529.7974683544304,	900
698251857,	19231.56963658333,	231.82017739043314,	260.0,	538.506329113924,	900
699546039,	19261.87013053894,	224.63815965138983,	160.0,	541.9240506329114,	940
700847448,	19293.902292251587,	236.17434368625084,	340.0,	547.7215189873418,	900
702165669,	19324.420000314713,	251.55690931762575,	400.0,	555.5189873417721,	940
703481228,	19355.46499633789,	264.40121838586316,	420.0,	555.620253164557,	900
704776766,	19387.856519937515,	256.96109654727684,	200.0,	548.5316455696203,	900
706084304,	19419.911370038986,	275.26498689254913,	440.0,	554.3291139240506,	880
707398977,	19453.675640821457,	275.7384882032942,	440.0,	556.4556962025316,	900
708741798,	19486.434525728226,	288.16463938296476,	400.0,	570.1012658227849,	940
710081484,	19516.79804444313,	292.3481754446683,	420.0,	567.8227848101266,	920
711395140,	19550.002702474594,	298.1133579002015,	400.0,	555.2658227848101,	920
712693097,	19582.075912475586,	300.3020221101813,	320.0,	547.9493670886076,	960
713996425,	19612.99238395691,	309.2718198991632,	420.0,	551.3164556962025,	940
715296778,	19643.617124080658,	313.34463790924684,	400.0,	549.6455696202531,	900
716602788,	19675.010045289993,	330.01017411832214,	480.0,	551.4683544303797,	880
717877053,	19705.877764225006,	340.00915670648993,	520.0,	538.0506329113924,	900
719163695,	19736.579882383347,	336.0082410358409,	300.0,	544.2278481012659,	900
720448903,	19767.054989099503,	343.4074169322568,	460.0,	546.0506329113924,	920
721721279,	19798.75896883011,	371.06667523903116,	620.0,	540.6835443037975,	920
723005059,	19830.202917575836,	381.96000771512803,	480.0,	544.1772151898734,	980
724299086,	19862.947521448135,	395.76400694361524,	600.0,	549.493670886076,	920
725580052,	19895.752457380295,	383.1876062492537,	400.0,	543.5443037974684,	940
726824595,	19926.864377737045,	385.86884562432834,	460.0,	528.0759493670886,	920
728087496,	19957.93642926216,	381.2819610618955,	540.0,	539.5696202531645,	920
729321602,	19988.589802742004,	369.153764955706,	260.0,	525.7974683544304,	940
730553238,	20020.171405792236,	362.2383884601354,	340.0,	525.746835443038,	940
731738266,	20051.01561808586,	359.01454961412185,	480.0,	502.8354430379747,	940
732921429,	20082.291270017624,	350.11309465270966,	280.0,	499.62025316455697,	940
734070886,	20114.690598011017,	330.10178518743874,	220.0,	485.69620253164555,	920
735242161,	20145.73771262169,	335.09160666869485,	380.0,	495.8481012658228,	900
736441616,	20176.373432397842,	321.58244600182536,	200.0,	508.6835443037975,	940
737622386,	20207.03591990471,	318.42420140164285,	320.0,	500.8354430379747,	920
738814892,	20238.425833702087,	328.58178126147857,	440.0,	504.50632911392404,	960
740015524,	20269.119693279266,	331.72360313533073,	360.0,	505.9746835443038,	920
741222123,	20300.342752218246,	342.55124282179764,	460.0,	510.65822784810126,	920
742443074,	20330.766062259674,	364.29611853961785,	820.0,	518.0506329113924,	920
743709596,	20362.638475179672,	351.8665066856561,	260.0,	537.6962025316456,	900
744946072,	20393.063344955444,	344.67985601709046,	320.0,	525.8481012658228,	960
746156398,	20425.2198908329,	351.21187041538144,	420.0,	510.5822784810127,	880
747396398,	20455.503238916397,	360.09068337384326,	460.0,	524.632911392405,	920
748643473,	20488.924853801727,	342.08161503645897,	180.0,	530.9113924050633,	920
749895942,	20522.931940317154,	341.8734535328131,	480.0,	532.4556962025316,	920
751174137,	20554.024297952652,	336.68610817953174,	440.0,	542.8101265822785,	920
752447885,	20586.86292886734,	338.0174973615786,	360.0,	542.9873417721519,	920
753740011,	20619.570685625076,	331.2157476254207,	420.0,	549.5189873417721,	940
755032984,	20650.295733690262,	321.0941728628786,	240.0,	550.1772151898734,	980
756274214,	20681.93114590645,	316.98475557659077,	280.0,	526.5316455696203,	940
757515735,	20712.50490617752,	325.2862800189317,	400.0,	527.0886075949367,	900
758736807,	20744.586797475815,	339.7576520170385,	640.0,	520.7594936708861,	940
759974936,	20775.96781206131,	349.78188681533464,	440.0,	526.6835443037975,	900
761185637,	20806.21809577942,	341.80369813380116,	440.0,	511.9493670886076,	920
762423032,	20837.403640270233,	334.623328320421,	300.0,	521.8227848101266,	920
763662272,	20869.356920957565,	338.16099548837894,	440.0,	524.0,	900
764903369,	20899.759936332703,	349.34489593954106,	480.0,	526.9873417721519,	900
766144312,	20931.191159248352,	362.4104063455869,	500.0,	525.2911392405064,	920
767316246,	20961.574375391006,	341.16936571102826,	160.0,	495.67088607594934,	940
768490004,	20994.93120455742,	342.05242913992544,	560.0,	497.2911392405063,	940
769683189,	21025.72008037567,	356.8471862259329,	500.0,	503.72151898734177,	920
770862827,	21056.28461623192,	381.16246760333956,	620.0,	497.46835443037975,	880
772055959,	21086.903410434723,	389.0462208430056,	460.0,	507.0379746835443,	940
773285849,	21119.47158551216,	398.141598758705,	620.0,	524.379746835443,	940
774527652,	21150.15736413002,	406.3274388828345,	700.0,	530.7594936708861,	920
775733321,	21181.041464567184,	403.694694994551,	420.0,	513.4430379746835,	940
776925762,	21211.441665172577,	400.32522549509594,	400.0,	503.5189873417722,	940
778158217,	21243.096045732498,	400.29270294558637,	560.0,	522.0759493670886,	920
779405703,	21274.788442611694,	391.26343265102776,	320.0,	529.620253164557,	940
780628025,	21305.37887763977,	386.137089385925,	520.0,	516.5316455696203,	920
781887299,	21336.01722407341,	407.52338044733244,	600.0,	537.7974683544304,	940
783117350,	21367.155910015106,	428.77104240259916,	620.0,	522.8860759493671,	960
784353976,	21399.74613904953,	447.8939381623393,	720.0,	525.4177215189874,	920
785549894,	21430.866136074066,	469.10454434610534,	660.0,	505.746835443038,	920
786752249,	21462.48835349083,	482.1940899114948,	600.0,	508.73417721518985,	900
787991508,	21494.20010614395,	459.97468092034535,	280.0,	525.0126582278481,	920
789233403,	21525.051701068878,	471.9772128283108,	580.0,	528.4810126582279,	960
790496379,	21556.147119760513,	465.77949154547974,	580.0,	533.6708860759494,	920
791755914,	21586.97374010086,	461.20154239093176,	480.0,	533.0379746835443,	920
793074056,	21617.73287463188,	464.0813881518386,	540.0,	560.6835443037975,	920
794398695,	21648.61952471733,	471.67324933665475,	620.0,	565.6962025316456,	960
795728713,	21679.25089120865,	464.5059244029893,	400.0,	564.4556962025316,	920
797089436,	21710.337623357773,	442.0553319626904,	280.0,	578.3037974683544,	900
798446068,	21741.75847864151,	463.8497987664214,	740.0,	578.0253164556962,	960
799817098,	21773.837468385696,	477.4648188897792,	720.0,	581.5696202531645,	920
801248653,	21805.040091753006,	487.7183370008013,	580.0,	610.1518987341772,	900
802673064,	21838.114931821823,	504.94650330072113,	740.0,	605.7215189873418,	900
804082483,	21868.644488811493,	517.451852970649,	640.0,	598.253164556962,	960
805495064,	21901.381739854813,	527.7066676735841,	620.0,	605.3924050632911,	920
806896284,	21932.316452741623,	545.9360009062257,	760.0,	597.0126582278481,	940
808311075,	21963.287993192673,	534.3424008156031,	600.0,	605.620253164557,	920
809729803,	21994.47125697136,	540.9081607340428,	640.0,	610.126582278481,	940
811118175,	22025.384019851685,	530.8173446606385,	440.0,	592.9367088607595,	900
812512352,	22056.816544532776,	548.7356101945746,	800.0,	596.4556962025316,	940
813911614,	22087.652117729187,	564.8620491751171,	720.0,	601.4683544303797,	900
815318100,	22119.558210372925,	566.3758442576054,	620.0,	605.6708860759494,	920
816692936,	22151.51007413864,	578.7382598318449,	740.0,	591.493670886076,	920
818055472,	22182.09835600853,	570.8644338486604,	560.0,	583.9746835443038,	940
819388683,	22212.575737714767,	562.7779904637944,	500.0,	572.126582278481,	940
820726922,	22243.13677740097,	565.500191417415,	780.0,	576.0759493670886,	920
822014612,	22273.789534330368,	556.9501722756735,	540.0,	556.0759493670886,	940
823272166,	22304.81663918495,	547.2551550481062,	540.0,	540.0506329113924,	920
824522543,	22334.913262844086,	518.5296395432956,	360.0,	532.8607594936709,	920
825798647,	22365.595028162003,	520.6766755889661,	600.0,	544.4810126582279,	980
827071279,	22396.46807193756,	528.6090080300695,	780.0,	544.2278481012659,	960
828366705,	22427.04670023918,	529.7481072270625,	560.0,	553.7215189873418,	900
829637107,	22457.206373929977,	513.7732965043563,	380.0,	542.5316455696203,	940
830892924,	22488.825615167618,	521.3959668539206,	640.0,	537.8227848101266,	920
832120913,	22519.635510206223,	520.2563701685285,	580.0,	526.7848101265823,	940
833356535,	22549.916382312775,	505.2307331516757,	540.0,	527.5696202531645,	900
834584851,	22580.563418388367,	531.7076598365081,	780.0,	524.4050632911392,	920
835872967,	22612.540847063065,	538.5368938528574,	660.0,	551.8227848101266,	940
837121924,	22643.634038209915,	544.6832044675716,	600.0,	532.9873417721519,	920
838414412,	22674.522322177887,	534.2148840208145,	440.0,	551.7974683544304,	920
839672827,	22705.093524217606,	524.793395618733,	680.0,	534.3291139240506,	900
840963120,	22736.135379314423,	529.3140560568597,	680.0,	550.6075949367089,	900
842219591,	22766.24310708046,	517.3826504511737,	460.0,	532.632911392405,	900
843468579,	22797.418125629425,	525.6443854060564,	600.0,	529.7974683544304,	880
844721847,	22828.802812337875,	499.0799468654507,	260.0,	532.0,	900
845993085,	22859.148435354233,	477.17195217890566,	340.0,	539.3164556962025,	900
847266460,	22889.608943223953,	466.4547569610151,	520.0,	537.8987341772151,	960
848547925,	22920.026475429535,	443.8092812649136,	240.0,	545.2658227848101,	960
849823779,	22951.34016227722,	443.4283531384222,	440.0,	541.873417721519,	940
851123282,	22981.666247606277,	459.08551782458,	600.0,	555.5443037974684,	940
852407763,	23014.68207383156,	460.176966042122,	520.0,	547.9746835443038,	920
853674558,	23045.103093624115,	464.1592694379098,	500.0,	539.620253164557,	900
854958422,	23075.564565181732,	457.74334249411885,	460.0,	551.6455696202531,	900
856228896,	23106.359974384308,	449.96900824470697,	480.0,	542.6075949367089,	900
857474611,	23137.038819551468,	429.9721074202363,	260.0,	533.873417721519,	940
858761145,	23167.484842061996,	425.97489667821264,	400.0,	550.7341772151899,	920
860035616,	23200.130987882614,	421.3774070103914,	460.0,	543.367088607595,	960
861335656,	23232.438116788864,	424.23966630935223,	520.0,	555.2658227848101,	920
862622518,	23262.577773094177,	418.815699678417,	540.0,	552.8607594936709,	900
863887216,	23292.807435274124,	416.9341297105753,	520.0,	541.2151898734177,	900
865174595,	23324.962021112442,	416.2407167395178,	440.0,	548.7848101265823,	920
866459804,	23357.756762742996,	404.616645065566,	380.0,	550.4303797468355,	920
867743279,	23388.731283664703,	393.1549805590094,	360.0,	549.0126582278481,	900
869058097,	23420.01508498192,	397.83948250310846,	440.0,	567.493670886076,	920
870339374,	23450.814946889877,	408.0555342527976,	500.0,	551.2151898734177,	920
871601791,	23482.943967819214,	423.24998082751785,	600.0,	540.8354430379746,	940
872910400,	23513.823363542557,	434.92498274476606,	640.0,	562.2025316455696,	940
874192257,	23544.495309591293,	438.43248447028947,	520.0,	549.873417721519,	940
875467852,	23576.04781985283,	423.5892360232605,	380.0,	544.6835443037975,	920
876750895,	23607.35840988159,	430.23031242093447,	560.0,	548.7341772151899,	920
878054093,	23638.277122974396,	432.207281178841,	520.0,	559.6962025316456,	940
879332498,	23669.965583324432,	438.9865530609569,	500.0,	546.1772151898734,	940
880604576,	23702.13192629814,	453.0878977548612,	620.0,	545.3924050632911,	920
881894457,	23733.200403690338,	451.7791079793751,	460.0,	553.8227848101266,	940
883214511,	23765.001849889755,	454.6011971814376,	600.0,	565.5189873417721,	940
884532367,	23797.20558333397,	466.14107746329387,	720.0,	566.4556962025316,	920
885846161,	23827.892443418503,	447.52696971696446,	320.0,	563.8987341772151,	940
887165993,	23861.360452890396,	442.77427274526804,	600.0,	568.2025316455696,	980
888447310,	23892.766140699387,	426.4968454707413,	280.0,	548.3037974683544,	920
889708640,	23924.835566282272,	416.84716092366716,	400.0,	538.9367088607595,	920
890924028,	23957.787848234177,	416.16244483130043,	460.0,	515.1645569620254,	960
892191768,	23989.773215293884,	394.5462003481704,	200.0,	540.4810126582279,	960
893475770,	24023.820102214813,	394.09158031335335,	400.0,	546.2025316455696,	920
894624978,	24054.689303398132,	418.682422282018,	640.0,	479.7974683544304,	920
895812119,	24086.532626390457,	431.81418005381624,	560.0,	498.75949367088606,	920
897005784,	24120.40709900856,	431.63276204843464,	660.0,	498.63291139240505,	900
898214224,	24150.96692943573,	428.4694858435912,	400.0,	503.0379746835443,	880
899409715,	24184.60354924202,	437.6225372592321,	520.0,	499.746835443038,	920
900599722,	24216.338433504105,	449.8602835333089,	560.0,	497.1392405063291,	920
901781784,	24247.191589832306,	442.87425517997804,	540.0,	494.73417721518985,	920
902966467,	24279.825568914413,	436.58682966198023,	380.0,	498.0506329113924,	960
904155854,	24310.20974612236,	434.92814669578223,	580.0,	503.0126582278481,	920
905344453,	24342.438915014267,	439.43533202620404,	540.0,	501.44303797468353,	960
906533103,	24374.33011651039,	427.4917988235836,	320.0,	500.45569620253167,	900
907737732,	24404.741870880127,	424.74261894122526,	400.0,	504.60759493670884,	920
908922438,	24436.834406852722,	425.2683570471027,	560.0,	496.53164556962025,	940
910114210,	24469.426678180695,	430.74152134239245,	580.0,	498.75949367088606,	920
911317847,	24500.038954257965,	412.6673692081532,	280.0,	506.0,	940
912510226,	24534.230599164963,	391.4006322873379,	260.0,	504.63291139240505,	920
913679838,	24564.951232671738,	390.2605690586041,	380.0,	490.9873417721519,	960
914855122,	24595.62082529068,	392.2345121527437,	440.0,	494.17721518987344,	940
916053319,	24626.09301996231,	390.0110609374693,	380.0,	501.3164556962025,	900
917261577,	24658.914784908295,	396.00995484372237,	480.0,	508.63291139240505,	920
918477567,	24689.26414489746,	395.40895935935015,	440.0,	510.8607594936709,	900
919699660,	24719.79650235176,	409.86806342341515,	540.0,	512.4050632911392,	900
920909974,	24750.421599149704,	392.8812570810736,	240.0,	508.5822784810127,	940
922126678,	24782.340948343277,	405.59313137296624,	560.0,	508.5822784810127,	920
923365763,	24812.84903025627,	414.0338182356696,	600.0,	522.7341772151899,	900
924617003,	24843.55678653717,	413.63043641210265,	500.0,	525.8987341772151,	900
925876054,	24875.64042544365,	415.2673927708924,	480.0,	524.0759493670886,	900
927160410,	24906.85368180275,	423.74065349380317,	600.0,	536.6835443037975,	960
928415848,	24937.343985557556,	424.36658814442285,	600.0,	519.493670886076,	900
929659924,	24968.240454912186,	429.92992932998055,	680.0,	515.367088607595,	920
930908307,	24999.9549202919,	440.9369363969825,	540.0,	518.7848101265823,	920
932145049,	25032.944550037384,	422.84324275728426,	260.0,	512.4556962025316,	900
933398643,	25065.634934663773,	439.5589184815558,	680.0,	521.493670886076,	900
934608680,	25096.303594350815,	425.6030266334002,	300.0,	502.53164556962025,	900
935847266,	25127.601904153824,	440.04272397006014,	680.0,	515.4683544303797,	920
937092766,	25159.59020781517,	449.0384515730541,	640.0,	515.1392405063291,	920
938320127,	25192.635922670364,	437.1346064157487,	340.0,	507.873417721519,	900
939501229,	25224.40470981598,	447.42114577417385,	800.0,	489.69620253164555,	900
940685363,	25258.12219953537,	462.67903119675645,	740.0,	492.7848101265823,	880
941870195,	25289.793053627014,	460.41112807708083,	640.0,	494.75949367088606,	920
943039123,	25320.713886737823,	462.37001526937274,	520.0,	490.4810126582278,	920
944213474,	25351.4630317688,	478.1330137424354,	740.0,	495.6455696202532,	920
945416564,	25384.983060598373,	462.31971236819186,	400.0,	508.50632911392404,	900
946575715,	25415.53298854828,	450.0877411313727,	400.0,	490.1012658227848,	920
947751342,	25446.223101377487,	452.0789670182354,	520.0,	495.0379746835443,	920
948945852,	25478.65106654167,	446.8710703164119,	600.0,	500.32911392405066,	940
950130920,	25509.35560107231,	451.1839632847707,	520.0,	495.49367088607596,	920
951299979,	25540.996532678604,	448.06556695629365,	500.0,	487.24050632911394,	940
952466586,	25572.400911092758,	454.2590102606643,	540.0,	481.9240506329114,	940
953623077,	25602.715443134308,	443.8331092345979,	460.0,	475.46835443037975,	940
954765421,	25633.069558143616,	434.4497983111381,	380.0,	468.2278481012658,	900
955897207,	25663.71525454521,	439.0048184800243,	540.0,	463.2911392405063,	940
957008880,	25694.02218770981,	441.1043366320219,	540.0,	452.43037974683546,	920
958123281,	25726.640273571014,	428.9939029688197,	320.0,	455.44303797468353,	920
959256087,	25757.991179466248,	427.09451267193776,	560.0,	467.44303797468353,	960
960384108,	25789.023704767227,	423.38506140474396,	420.0,	462.75949367088606,	960
961540078,	25819.87444448471,	430.04655526426956,	540.0,	475.4177215189873,	920
962676640,	25852.836688041687,	422.0418997378426,	440.0,	468.27848101265823,	940
963843992,	25883.32373523712,	423.83770976405833,	500.0,	489.1645569620253,	960
965012745,	25913.870896816254,	437.4539387876525,	560.0,	491.1645569620253,	920
966184459,	25945.607209682465,	437.70854490888723,	580.0,	488.50632911392404,	920
967342012,	25976.487318515778,	447.9376904179985,	540.0,	479.6455696202532,	920
968510728,	26006.758363962173,	439.14392137619865,	380.0,	485.59493670886076,	940
969663890,	26040.177534341812,	443.2295292385788,	540.0,	478.8607594936709,	940
970831472,	26071.600269317627,	437.9065763147209,	420.0,	485.56962025316454,	900
971981136,	26102.234631061554,	458.11591868324876,	720.0,	475.0886075949367,	900
973110914,	26132.60111284256,	445.3043268149239,	400.0,	466.27848101265823,	940
974263742,	26164.980468273163,	445.7738941334315,	560.0,	479.0379746835443,	920
975432450,	26195.84930920601,	449.19650472008834,	520.0,	488.0759493670886,	940
976590107,	26227.549966335297,	455.27685424807953,	580.0,	481.8987341772152,	980
977745779,	26258.094915628433,	456.7491688232716,	600.0,	478.37974683544303,	940
978887078,	26288.731462717056,	462.0742519409444,	620.0,	473.82278481012656,	940
980063814,	26319.817289114,	466.86682674684994,	540.0,	490.8607594936709,	980
981262154,	26350.45773601532,	476.1801440721649,	640.0,	500.55696202531647,	940
982493891,	26381.83671450615,	484.56212966494843,	620.0,	522.2278481012659,	980
983727432,	26414.042804002762,	486.1059166984536,	540.0,	520.1012658227849,	940
985103937,	26446.142285823822,	481.49532502860825,	440.0,	597.7215189873418,	960
986480237,	26477.892415046692,	481.3457925257474,	480.0,	595.4430379746835,	940
987838903,	26510.392243146896,	473.2112132731727,	420.0,	588.3291139240506,	940
989166918,	26542.316561460495,	483.89009194585543,	620.0,	572.5822784810126,	920
990547734,	26573.307839632034,	488.5010827512699,	640.0,	599.2911392405064,	940
991910817,	26604.224879026413,	491.6509744761429,	520.0,	587.3924050632911,	900
993256644,	26635.630967140198,	494.4858770285286,	540.0,	581.6708860759494,	940
994616299,	26666.74716925621,	511.0372893256757,	760.0,	588.253164556962,	960
995956650,	26698.238421678543,	477.93356039310817,	180.0,	578.5316455696203,	940
997273645,	26729.220501184464,	488.14020435379734,	580.0,	568.7341772151899,	920
998590631,	26760.87513422966,	466.32618391841766,	380.0,	565.9746835443038,	940
999925845,	26794.210837602615,	473.69356552657587,	660.0,	575.5949367088608,	920
1001241618,	26825.812450885773,	459.3242089739183,	440.0,	565.2405063291139,	920
1002552885,	26856.58594560623,	448.3917880765265,	580.0,	565.0632911392405,	940
1003895716,	26890.487129449844,	457.5526092688738,	620.0,	578.4810126582279,	940
1005226026,	26924.356843471527,	443.79734834198644,	340.0,	569.873417721519,	960
1006551353,	26957.231086730957,	437.4176135077878,	600.0,	570.5569620253165,	960
1007894265,	26991.032826423645,	409.675852157009,	160.0,	582.3037974683544,	960
1009236076,	27021.655843019485,	419.70826694130807,	540.0,	580.6075949367089,	920
1010562243,	27053.710690021515,	413.73744024717723,	360.0,	573.6708860759494,	940
1011957591,	27087.02112865448,	421.3636962224595,	500.0,	607.367088607595,	920
1013313871,	27118.73184967041,	432.2273266002136,	600.0,	588.632911392405,	940
1014657157,	27149.549747943878,	457.0045939401922,	700.0,	581.9493670886076,	900
1016024435,	27181.83907365799,	481.304134546173,	700.0,	591.1139240506329,	900
1017386089,	27214.437482595444,	505.17372109155565,	760.0,	591.8227848101266,	920
1018768509,	27246.48740339279,	494.6563489824001,	400.0,	601.2151898734177,	980
1020157695,	27280.46381878853,	500.1907140841601,	600.0,	604.4303797468355,	940
1021518650,	27311.51863884926,	503.1716426757441,	580.0,	592.9620253164557,	920
1022882426,	27343.7661151886,	513.8544784081697,	680.0,	590.4556962025316,	1000
1024272767,	27374.90155029297,	523.4690305673528,	640.0,	604.7594936708861,	960
1025630761,	27405.926669597626,	533.1221275106175,	620.0,	588.253164556962,	920
1026988678,	27436.913350105286,	518.8099147595558,	420.0,	587.9493670886076,	960
1028364325,	27468.62753224373,	505.9289232836002,	440.0,	595.3924050632911,	940
1029762980,	27500.74203634262,	510.3360309552402,	680.0,	607.6708860759494,	920
1031156089,	27534.061124563217,	522.3024278597162,	680.0,	604.2025316455696,	920
1032540421,	27564.644961595535,	528.0721850737445,	700.0,	600.5316455696203,	920
1033932255,	27596.97297644615,	538.26496656637,	800.0,	601.746835443038,	920
1035338019,	27627.98619556427,	560.438469909733,	760.0,	613.1898734177215,	920
1036712108,	27659.634259700775,	541.3946229187598,	440.0,	594.4303797468355,	940
1038111554,	27690.45504426956,	561.2551606268837,	740.0,	608.4050632911392,	960
1039513624,	27721.179452180862,	563.1296445641954,	580.0,	611.1139240506329,	960
1040951941,	27753.21511387825,	586.8166801077758,	800.0,	626.5822784810126,	960
1042384889,	27784.85808634758,	592.1350120969983,	640.0,	624.9620253164557,	920
1043797001,	27816.2640106678,	595.9215108872984,	760.0,	616.4303797468355,	900
1045213245,	27846.981587409973,	598.3293597985686,	620.0,	616.3037974683544,	940
1046629778,	27878.64253473282,	602.4964238187117,	640.0,	618.7088607594936,	940
1048058563,	27909.21355175972,	589.2467814368406,	500.0,	624.2025316455696,	940
1049470346,	27941.723621845245,	587.3221032931565,	600.0,	616.0759493670886,	940
1050911718,	27972.638326883316,	600.5898929638408,	800.0,	629.1392405063291,	940
1052315092,	28003.328949213028,	591.5309036674568,	640.0,	610.3544303797469,	960
1053700685,	28034.27939391136,	579.3778133007111,	480.0,	600.7088607594936,	900
1055113416,	28065.31215572357,	559.44003197064,	380.0,	615.0632911392405,	920
1056528339,	28096.384306192398,	551.496028773576,	520.0,	613.3417721518987,	940
1057945377,	28127.34768128395,	561.3464258962184,	660.0,	614.126582278481,	960
1059358429,	28159.708688497543,	555.2117833065965,	500.0,	612.3037974683544,	920
1060781713,	28193.19805598259,	551.6906049759369,	540.0,	616.2025316455696,	960
1062194035,	28223.915804624557,	560.5215444783432,	680.0,	614.5316455696203,	960
1063620021,	28254.845480680466,	564.4693900305089,	600.0,	618.6835443037975,	920
1065074974,	28285.828815937042,	560.0224510274579,	520.0,	632.0,	920
1066516192,	28318.189294099808,	573.0202059247122,	760.0,	624.3291139240506,	900
1067965833,	28348.95472741127,	589.718185332241,	740.0,	632.3291139240506,	960
1069413973,	28379.94056081772,	584.7463667990169,	540.0,	630.5316455696203,	940
1070875535,	28410.692185878754,	588.2717301191152,	620.0,	635.9746835443038,	920
1072349075,	28444.95871925354,	592.4445571072037,	640.0,	642.5822784810126,	940
1073827460,	28475.997277975082,	593.2001013964833,	600.0,	645.5949367088608,	960
1075288276,	28506.975779294968,	596.8800912568349,	640.0,	639.9493670886076,	940
1076751641,	28537.763724327087,	598.1920821311514,	640.0,	640.0759493670886,	960
1078196875,	28568.65896463394,	574.3728739180362,	400.0,	630.6835443037975,	940
1079649312,	28599.606318712234,	575.9355865262327,	740.0,	633.3417721518987,	980
1081093367,	28631.024260044098,	573.3420278736094,	640.0,	629.2911392405064,	920
1082568070,	28661.93745970726,	568.0078250862484,	540.0,	644.1772151898734,	940
1084025679,	28695.252157211304,	568.2070425776236,	660.0,	634.379746835443,	940
1085469619,	28725.92204260826,	573.3863383198612,	620.0,	631.4177215189874,	940
1086924371,	28756.87098789215,	578.0477044878751,	800.0,	635.9746835443038,	960
1088351333,	28787.65524673462,	573.2429340390876,	780.0,	620.8860759493671,	960
1089790856,	28819.02500152588,	558.9186406351788,	620.0,	625.9493670886076,	1000
1091078964,	28849.07241988182,	517.026776571661,	180.0,	545.0886075949367,	960
1092390057,	28880.56370615959,	472.3240989144949,	80.0,	557.6455696202531,	940
1093684802,	28911.334193706512,	436.09168902304543,	140.0,	550.253164556962,	960
1094982689,	28944.63734984398,	407.4825201207409,	180.0,	546.253164556962,	920
1096287868,	28975.372722387314,	386.7342681086668,	200.0,	552.5822784810126,	940
1097583928,	29006.319087028503,	364.06084129780015,	200.0,	550.0506329113924,	960
1098890354,	29038.226486682892,	339.6547571680202,	140.0,	557.4430379746835,	940
1100165747,	29068.938539505005,	323.68928145121816,	220.0,	541.5696202531645,	980
1101426623,	29102.112166643143,	319.32035330609637,	400.0,	535.2405063291139,	920
1102706863,	29132.297481060028,	303.38831797548676,	160.0,	543.7215189873418,	900
1103995203,	29165.082734823227,	278.0494861779381,	60.0,	549.9240506329114,	940
1105280824,	29196.46901202202,	282.2445375601443,	320.0,	550.3037974683544,	960
1106549313,	29226.70823907852,	265.02008380412985,	120.0,	540.4303797468355,	1000
1107818894,	29256.735607624054,	248.51807542371688,	140.0,	541.746835443038,	980
1109072895,	29286.862604618073,	243.6662678813452,	280.0,	534.0,	960
1110350236,	29318.815357208252,	228.29964109321068,	100.0,	544.8354430379746,	940
1111636749,	29351.17069220543,	221.4696769838896,	160.0,	549.2151898734177,	1000
1112900805,	29382.800875902176,	214.32270928550065,	240.0,	541.7215189873418,	940
1114171512,	29414.266734600067,	205.8904383569506,	200.0,	541.620253164557,	960
1115434223,	29445.953587055206,	198.30139452125553,	220.0,	539.0126582278481,	1000
1116686935,	29478.400989055634,	190.47125506913,	160.0,	532.1518987341772,	920
1117946317,	29508.884371757507,	189.424129562217,	180.0,	535.4430379746835,	960
1119206844,	29539.49163389206,	188.4817166059953,	220.0,	538.4556962025316,	940
1120459908,	29573.893763065338,	180.63354494539578,	160.0,	533.746835443038,	940
1121708433,	29607.735857009888,	180.57019045085622,	180.0,	536.2025316455696,	960
1122986418,	29637.909570217133,	175.5131714057706,	140.0,	545.2658227848101,	960
1124262883,	29669.881430387497,	167.96185426519355,	100.0,	547.3924050632911,	960
1125542077,	29700.261566877365,	169.1656688386742,	180.0,	546.2278481012659,	960
1126797473,	29732.210453510284,	163.2491019548068,	120.0,	534.9113924050633,	980
1128069372,	29763.102562189102,	167.9241917593261,	220.0,	544.0506329113924,	960
1129363144,	29793.617862939835,	170.13177258339348,	220.0,	557.7721518987341,	1000
1130673443,	29824.391731739044,	178.11859532505412,	300.0,	565.367088607595,	980
1131957931,	29856.488296985626,	180.3067357925487,	200.0,	552.1772151898734,	960
1133245887,	29887.32063961029,	184.2760622132938,	260.0,	557.6708860759494,	1020
1134533628,	29918.577220916748,	188.84845599196444,	280.0,	556.1518987341772,	1000
1135793488,	29948.890007972717,	189.963610392768,	240.0,	542.8101265822785,	960
1137048039,	29981.358438014984,	190.9672493534912,	300.0,	539.8987341772151,	960
1138316841,	30012.13104391098,	186.87052441814208,	160.0,	547.6455696202531,	980
1139593276,	30043.94783639908,	196.18347197632787,	340.0,	553.9240506329114,	980
1140847852,	30074.484471559525,	196.56512477869506,	200.0,	543.9746835443038,	1000
1142108131,	30105.375324726105,	204.90861230082555,	280.0,	543.2911392405064,	980
1143365843,	30135.819863319397,	200.417751070743,	260.0,	542.0,	960
1144634098,	30167.269591093063,	202.3759759636687,	300.0,	549.4430379746835,	980
1145905603,	30197.997089862823,	198.13837836730184,	160.0,	550.3544303797469,	960
1147178054,	30231.21778202057,	192.32454053057165,	140.0,	545.7974683544304,	940
1148449541,	30264.03907108307,	198.0920864775145,	260.0,	545.8227848101266,	980
1149715096,	30296.710560321808,	187.28287782976304,	120.0,	544.1518987341772,	980
1151004943,	30328.078907489777,	186.55459004678673,	240.0,	556.2025316455696,	980
1152292923,	30358.61876654625,	173.89913104210805,	60.0,	556.3291139240506,	940
1153593305,	30390.85674929619,	172.50921793789723,	160.0,	561.6708860759494,	940
1154903087,	30424.574696302414,	165.25829614410753,	100.0,	566.8607594936709,	1000
1156226191,	30455.51935505867,	164.73246652969678,	220.0,	576.5822784810126,	1000
1157519220,	30488.39429783821,	172.25921987672712,	260.0,	562.6075949367089,	980
1158799419,	30519.40292930603,	170.0332978890544,	160.0,	556.4556962025316,	1000
1160060332,	30550.84946703911,	177.02996810014898,	280.0,	545.1139240506329,	960
1161326279,	30582.03172159195,	168.32697129013408,	120.0,	547.0632911392405,	980
1162621941,	30613.041764736176,	179.49427416112067,	280.0,	558.2278481012659,	980
1163929031,	30647.561950683594,	173.5448467450086,	160.0,	565.9746835443038,	940
1165204328,	30679.261816501617,	172.19036207050775,	160.0,	548.8860759493671,	980
1166492034,	30712.008069753647,	166.97132586345697,	140.0,	554.4050632911392,	1000
1167776316,	30742.917004585266,	165.27419327711127,	180.0,	554.506329113924,	960
1169086560,	30774.18227171898,	169.74677394940014,	220.0,	569.6708860759494,	980
1170388099,	30805.11371779442,	162.77209655446012,	100.0,	564.3291139240506,	980
1171672133,	30837.632981538773,	156.49488689901412,	100.0,	556.9113924050633,	1000
1172973808,	30868.652749300003,	153.84539820911272,	140.0,	568.0759493670886,	1020
1174273038,	30902.923133850098,	145.46085838820144,	100.0,	566.1772151898734,	1000
1175551405,	30934.972700834274,	146.9147725493813,	240.0,	558.6835443037975,	1020
1176844688,	30966.046661138535,	164.22329529444318,	320.0,	565.5949367088608,	980
1178143951,	30997.16487956047,	181.80096576499886,	380.0,	569.9746835443038,	1020
1179424663,	31027.96320962906,	177.62086918849897,	160.0,	562.8101265822785,	1040
1180719888,	31058.86060667038,	181.85878226964908,	260.0,	568.4303797468355,	1020
1181986703,	31089.441296339035,	188.67290404268417,	280.0,	557.1392405063291,	1020
1183269560,	31120.08627295494,	191.80561363841576,	220.0,	565.2658227848101,	1020
1184539604,	31151.784811019897,	196.6250522745742,	260.0,	556.3544303797469,	1060
1185818396,	31182.360075235367,	203.96254704711677,	300.0,	564.7848101265823,	1060
1187088380,	31213.529966831207,	198.5662923424051,	180.0,	561.9240506329114,	1040
1188283843,	31245.231599092484,	223.7096631081646,	640.0,	523.6962025316456,	1060
1189471568,	31275.66150021553,	238.33869679734812,	380.0,	519.9240506329114,	980
1190713510,	31307.0427570343,	268.5048271176133,	540.0,	548.8860759493671,	1020
1191966033,	31338.777700424194,	282.65434440585193,	580.0,	550.6835443037975,	1040
1193222047,	31372.16889977455,	309.38890996526675,	600.0,	552.3291139240506,	1060
1194487947,	31403.14804649353,	342.45001896874004,	660.0,	558.5316455696203,	1020
1195750621,	31435.211494207382,	356.20501707186605,	640.0,	554.3544303797469,	1020
1197016844,	31467.237340450287,	392.5845153646794,	780.0,	556.8101265822785,	1020
1198263009,	31501.553696632385,	385.3260638282115,	320.0,	547.2405063291139,	1020
1199498038,	31533.292119026184,	407.79345744539035,	920.0,	541.367088607595,	980
1200744338,	31566.571715831757,	404.0141117008513,	440.0,	546.9873417721519,	1040
1201987588,	31598.529701948166,	426.6127005307661,	800.0,	548.253164556962,	1000
1203242552,	31629.929852724075,	443.95143047768954,	700.0,	555.1139240506329,	1020
1204500859,	31661.139806747437,	459.5562874299206,	740.0,	555.5696202531645,	1060
1205747480,	31692.71167731285,	477.6006586869285,	660.0,	550.7848101265823,	1000
1207013650,	31724.223034143448,	497.8405928182357,	720.0,	562.1772151898734,	1040
1208296798,	31756.358964443207,	503.05653353641213,	560.0,	569.6708860759494,	1040
1209545055,	31787.583220481873,	496.7508801827709,	500.0,	556.7088607594936,	1080
1210811078,	31819.401390314102,	502.0757921644938,	640.0,	564.9367088607595,	1040
1212021186,	31852.854871749878,	513.8682129480444,	620.0,	536.7088607594936,	1040
1213230168,	31884.539969444275,	525.4813916532399,	680.0,	534.5316455696203,	1080
1214484048,	31916.34005522728,	523.933252487916,	560.0,	558.0253164556962,	1060
1215745820,	31947.665671110153,	528.5399272391244,	740.0,	561.2658227848101,	1100
1217020451,	31978.935465097427,	541.6859345152119,	660.0,	564.4303797468355,	1080
1218317019,	32010.777034282684,	555.5173410636908,	680.0,	574.9620253164557,	1100
1219613173,	32042.223076581955,	567.9656069573217,	760.0,	574.0759493670886,	1100
1220937309,	32074.285387039185,	586.1690462615895,	760.0,	591.746835443038,	1060
1222240019,	32106.06950211525,	582.5521416354305,	560.0,	579.6708860759494,	1060
1223558933,	32138.388442993164,	578.2969274718874,	540.0,	589.3924050632911,	1060
1224889475,	32172.961041927338,	586.4672347246988,	680.0,	593.1139240506329,	1100
1226208863,	32204.64431810379,	591.8205112522289,	640.0,	590.1772151898734,	1100
1227560818,	32239.708582401276,	610.638460127006,	780.0,	604.5316455696203,	1080
1228907226,	32272.049857378006,	612.5746141143054,	660.0,	600.3037974683544,	1080
1230236578,	32306.373767852783,	613.3171527028749,	620.0,	589.5949367088608,	1100
1231551288,	32338.147822618484,	619.9854374325873,	860.0,	581.0632911392405,	1100
1232870273,	32370.001715898514,	597.9868936893286,	400.0,	583.8481012658228,	1120
1234192105,	32401.93544983864,	616.1882043203957,	780.0,	586.3544303797469,	1080
1235535485,	32433.992029190063,	613.5693838883561,	760.0,	599.5696202531645,	1100
1236846166,	32465.710286855698,	610.2124454995205,	580.0,	581.6962025316456,	1080
1238148049,	32497.573997974396,	609.1912009495685,	600.0,	581.1139240506329,	1120
1239438185,	32529.294543981552,	626.2720808546117,	780.0,	573.7974683544304,	1100
1240729224,	32561.08832836151,	628.6448727691505,	780.0,	576.4303797468355,	1120
1242018104,	32594.4134349823,	585.7803854922355,	200.0,	572.3291139240506,	1120
1243263506,	32626.247969150543,	591.2023469430119,	640.0,	554.8607594936709,	1100
1244548211,	32658.269018411636,	613.0821122487107,	820.0,	576.5316455696203,	1120
1245821948,	32690.263023614883,	613.7739010238396,	640.0,	568.4810126582279,	1100
1247077027,	32722.367755651474,	620.3965109214556,	740.0,	562.7594936708861,	1080
1248360190,	32754.733498096466,	630.35685982931,	820.0,	571.620253164557,	1120
1249686658,	32786.65563750267,	615.321173846379,	480.0,	593.0886075949367,	1080
1250959347,	32818.17918205261,	587.7890564617411,	340.0,	565.8227848101266,	1140
1252262732,	32849.82991814613,	586.0101508155669,	760.0,	583.0126582278481,	1100
1253572155,	32881.533096551895,	602.4091357340102,	760.0,	586.253164556962,	1080
1254894046,	32913.59084415436,	615.1682221606092,	780.0,	592.4810126582279,	1120
1256182333,	32945.133308172226,	633.6513999445483,	800.0,	577.493670886076,	1100
1257472981,	32976.93704915047,	616.2862599500935,	460.0,	574.7594936708861,	1140
1258743078,	33008.424221754074,	602.6576339550842,	660.0,	569.5189873417721,	1120
1260005069,	33039.928760290146,	581.3918705595758,	520.0,	567.620253164557,	1080
1261274413,	33071.57562184334,	588.2526835036182,	680.0,	572.6075949367089,	1120
1262518576,	33104.72332954407,	580.4274151532563,	620.0,	559.1898734177215,	1080
1263795938,	33137.39569735527,	594.3846736379307,	820.0,	574.7341772151899,	1120
1265019178,	33168.76136279106,	604.9462062741377,	760.0,	552.7341772151899,	1120
1266273105,	33200.85928320885,	596.451585646724,	580.0,	565.2911392405064,	1080
1267545329,	33234.36372447014,	597.8064270820515,	860.0,	573.9746835443038,	1100
1268771328,	33265.483902692795,	584.0257843738464,	460.0,	554.632911392405,	1120
1270004366,	33299.966381788254,	578.6232059364618,	580.0,	555.5189873417721,	1100
1271235583,	33331.793199300766,	578.7608853428156,	580.0,	557.3164556962025,	1120
1272452281,	33363.23300290108,	585.884796808534,	700.0,	550.9113924050633,	1120
1273692543,	33394.52431297302,	586.2963171276806,	620.0,	561.746835443038,	1100
1274944374,	33426.165127038956,	575.6666854149125,	480.0,	566.7848101265823,	1100
1276198655,	33460.33822464943,	561.1000168734213,	440.0,	563.5696202531645,	1120
1277425940,	33491.965635061264,	571.9900151860792,	800.0,	552.5316455696203,	1120
1278664729,	33526.1960978508,	566.7910136674712,	520.0,	562.5316455696203,	1120
1279907281,	33557.56643271446,	551.1119123007242,	520.0,	565.493670886076,	1100
1281146001,	33589.229627370834,	540.0007210706517,	520.0,	564.3544303797469,	1120
1282348462,	33620.79505443573,	527.0006489635865,	460.0,	543.0632911392405,	1120
1283614109,	33654.64197540283,	496.3005840672279,	240.0,	575.6962025316456,	1100
1284890612,	33686.62583374977,	464.6705256605051,	240.0,	581.3924050632911,	1100
1286166997,	33718.12442278862,	444.2034730944546,	260.0,	581.1139240506329,	1080
1287386257,	33749.75681018829,	429.78312578500913,	380.0,	554.1012658227849,	1100
1288627891,	33783.345619916916,	412.80481320650824,	320.0,	564.7088607594936,	1100
1289858675,	33817.478041648865,	393.52433188585746,	260.0,	563.5443037974684,	1120
1291100522,	33850.047198057175,	386.17189869727173,	320.0,	563.6708860759494,	1100
1292337446,	33883.13934993744,	364.5547088275446,	220.0,	568.126582278481,	1120
1293545843,	33915.0329246521,	361.0992379447901,	440.0,	552.1012658227849,	1120
1294757821,	33946.249210596085,	333.9893141503111,	120.0,	553.0379746835443,	1100
1295980874,	33978.76045203209,	324.59038273528,	240.0,	559.2911392405064,	1100
1297188699,	34012.12615323067,	309.131344461752,	200.0,	551.5443037974684,	1100
1298390819,	34043.49493932724,	291.2182100155768,	160.0,	549.6962025316456,	1120
1299572727,	34074.311057806015,	280.0963890140191,	220.0,	537.1139240506329,	1100
1300773926,	34105.65860581398,	273.0867501126172,	300.0,	550.8607594936709,	1100
1301982385,	34136.81072330475,	258.7780751013555,	140.0,	553.2151898734177,	1120
1303149334,	34167.911767959595,	264.90026759122,	320.0,	533.0126582278481,	1100
1304349299,	34202.817167282104,	254.410240832098,	180.0,	547.3164556962025,	1120
1305571681,	34234.00958418846,	246.9692167488882,	240.0,	558.4303797468355,	1100
1306776788,	34265.37100195885,	226.27229507399937,	60.0,	551.7215189873418,	1120
1307969398,	34296.608824014664,	211.64506556659944,	100.0,	545.3417721518987,	1100
1309156395,	34327.710352659225,	201.4805590099395,	140.0,	542.3544303797469,	1080
1310354438,	34358.67392754555,	207.33250310894556,	260.0,	549.5189873417721,	1100
1311579001,	34392.63921546936,	206.599252798051,	220.0,	561.0379746835443,	1100
1312819940,	34423.57035398483,	215.93932751824588,	300.0,	568.7088607594936,	1100
1314055249,	34454.63573503494,	223.3453947664213,	460.0,	565.3417721518987,	1100
1315295676,	34486.350008010864,	215.01085528977916,	160.0,	569.367088607595,	1100
1316530455,	34517.52845644951,	212.50976976080125,	240.0,	566.1518987341772,	1100
1317733769,	34548.467576503754,	220.25879278472112,	400.0,	552.2784810126582,	1100
1318958029,	34583.22357082367,	226.23291350624902,	400.0,	559.2151898734177,	1120
1320188411,	34614.38209605217,	235.6096221556241,	360.0,	563.5696202531645,	1100
1321422146,	34645.17354106903,	233.0486599400617,	260.0,	561.8227848101266,	1120
1322687842,	34676.22694730759,	222.74379394605552,	140.0,	583.0126582278481,	1120
1323950918,	34707.70671105385,	214.46941455144997,	140.0,	583.0379746835443,	1120
1325195581,	34739.75848650932,	216.02247309630496,	300.0,	570.8354430379746,	1100
1326399576,	34771.07119989395,	214.42022578667448,	200.0,	549.2405063291139,	1100
1327600320,	34801.97554779053,	194.97820320800705,	20.0,	550.9367088607595,	1100
1328813849,	34836.27229332924,	183.48038288720636,	80.0,	554.8860759493671,	1100
1330033802,	34867.75247478485,	171.13234459848573,	60.0,	555.4683544303797,	1140
1331230128,	34898.828441381454,	195.01911013863716,	440.0,	546.0506329113924,	1100
1332429241,	34929.74646949768,	215.51719912477344,	400.0,	547.9493670886076,	1100
1333629768,	34961.0644299984,	220.9654792122961,	420.0,	548.8354430379746,	1100
1334827984,	34994.420934438705,	214.86893129106647,	160.0,	546.379746835443,	1120
1336061452,	35029.01954627037,	203.38203816195983,	100.0,	568.9113924050633,	1100
1337309665,	35063.13074398041,	222.04383434576383,	440.0,	575.4177215189874,	1120
1338530228,	35094.662212371826,	231.83945091118744,	380.0,	563.367088607595,	1100
1339751346,	35126.25865030289,	231.6555058200687,	280.0,	565.8227848101266,	1120
1340981539,	35158.24624633789,	231.48995523806184,	440.0,	568.9873417721519,	1100
1342237831,	35189.1906516552,	216.34095971425566,	80.0,	580.506329113924,	1100
1343493057,	35222.71038937569,	208.70686374283008,	240.0,	582.2784810126582,	1120
1344729910,	35254.896407842636,	215.83617736854706,	280.0,	573.6708860759494,	1100
1345995048,	35287.24017858505,	213.25255963169235,	260.0,	585.9240506329114,	1120
1347260073,	35319.364520549774,	235.9273036685231,	560.0,	589.1898734177215,	1120
1348509005,	35354.45835065842,	237.3345733016708,	300.0,	578.126582278481,	1100
1349765464,	35388.01988244057,	239.6011159715037,	260.0,	585.7215189873418,	1140
1351024928,	35419.46313166618,	256.6410043743533,	440.0,	588.6582278481013,	1120
1352286536,	35450.85941696167,	257.976903936918,	360.0,	590.8607594936709,	1120
1353551335,	35482.28799581528,	262.1792135432262,	300.0,	593.3164556962025,	1100
1354828260,	35514.565875053406,	245.96129218890357,	120.0,	597.367088607595,	1120
1356089172,	35546.0670645237,	259.3651629700132,	380.0,	588.126582278481,	1120
1357374244,	35578.95226573944,	261.4286466730119,	280.0,	603.4177215189874,	1100
1358652299,	35610.93457555771,	245.2857820057107,	100.0,	597.7974683544304,	1120
1359917483,	35642.515499830246,	231.75720380513962,	120.0,	589.6455696202531,	1120
1361191328,	35675.131467819214,	248.58148342462565,	420.0,	591.0379746835443,	1120
1362452263,	35707.172753334045,	243.7233350821631,	340.0,	582.2784810126582,	1100
1363692081,	35738.87126684189,	240.35100157394677,	220.0,	573.2911392405064,	1120
1364948904,	35770.41319203377,	262.3159014165521,	580.0,	582.632911392405,	1120
1366210143,	35802.161388874054,	248.0843112748969,	180.0,	582.9113924050633,	1120
1367500583,	35833.70889997482,	246.2758801474072,	240.0,	595.0126582278481,	1120
1368759196,	35865.00283718109,	231.64829213266648,	100.0,	578.7088607594936,	1120
1370034240,	35896.309477090836,	247.48346291939984,	600.0,	586.0,	1120
